-253.150778
-269.398255
-294.742964
-323.813411
-352.781940
-379.106048
-401.270743
-418.548513
-430.786849
-438.228159
-441.363217
-440.816685
-437.261638
-431.359130
-423.718500
-414.874179
-405.275076
-395.283083
-385.177789
-375.165050
-365.387565
-355.936124
-346.860545
-338.179699
-329.890267
-321.974056
-314.403895
-307.148170
-300.174160
-293.450352
-286.947913
-280.641508
-274.509622
-268.534526
-262.702013
-257.000997
-251.423032
-245.961834
-240.612815
-235.372662
-230.238980
-225.209990
-220.284298
-215.460706
-210.738090
-206.115304
-201.591129
-197.164239
-192.833199
-188.596459
-184.452376
-180.399224
-176.435219
-172.558535
-168.767325
-165.059736
-161.433925
-157.888065
-154.420359
-151.029043
-147.712394
-144.468725
-141.296394
-138.193800
-135.159384
-132.191626
-129.289046
-126.450201
-123.673683
-120.958119
-118.302168
-115.704521
-113.163898
-110.679048
-108.248748
-105.871804
-103.547044
-101.273326
-99.049531
-96.874563
-94.747351
-92.666848
-90.632029
-88.641890
-86.695452
-84.791755
-82.929860
-81.108850
-79.327827
-77.585912
-75.882247
-74.215992
-72.586325
-70.992443
-69.433560
-67.908908
-66.417734
-64.959304
-63.532898
-62.137814
-60.773363
-59.438874
-58.133687
-56.857160
-55.608663
-54.387581
-53.193312
-52.025267
-50.882870
-49.765559
-48.672781
-47.603999
-46.558686
-45.536326
-44.536416
-43.558461
-42.601981
-41.666504
-40.751568
-39.856723
-38.981527
-38.125549
-37.288366
-36.469567
-35.668748
-34.885513
-34.119476
-33.370261
-32.637497
-31.920824
-31.219887
-30.534342
-29.863850
-29.208081
-28.566712
-27.939427
-27.325915
-26.725876
-26.139012
-25.565035
-25.003661
-24.454615
-23.917624
-23.392425
-22.878759
-22.376372
-21.885016
-21.404450
-20.934437
-20.474744
-20.025146
-19.585419
-19.155349
-18.734723
-18.323332
-17.920975
-17.527454
-17.142573
-16.766144
-16.397981
-16.037902
-15.685730
-15.341291
-15.004415
-14.674937
-14.352694
-14.037526
-13.729280
-13.427801
-13.132943
-12.844560
-12.562509
-12.286651
-12.016851
-11.752976
-11.494894
-11.242480
-10.995609
-10.754158
-10.518009
-10.287046
-10.061155
-9.840224
-9.624144
-9.412809
-9.206114
-9.003958
-8.806242
-8.612867
-8.423738
-8.238762
-8.057848
-7.880907
-7.707851
-7.538595
-7.373056
-7.211152
-7.052803
-6.897931
-6.746460
-6.598315
-6.453423
-6.311713
-6.173114
-6.037559
-5.904981
-5.775314
-5.648494
-5.524459
-5.403147
-5.284500
-5.168458
-5.054964
-4.943962
-4.835397
-4.729217
-4.625368
-4.523800
-4.424462
-4.327305
-4.232282
-4.139345
-4.048449
-3.959549
-3.872601
-3.787562
-3.704391
-3.623046
-3.543488
-3.465676
-3.389573
-3.315141
-3.242344
-3.171145
-3.101510
-3.033403
-2.966793
-2.901645
-2.837927
-2.775609
-2.714659
-2.655047
-2.596745
-2.539723
-2.483953
-2.429407
-2.376060
-2.323883
-2.272853
-2.222943
-2.174129
-2.126387
-2.079693
-2.034025
-1.989360
-1.945675
-1.902949
-1.861162
-1.820293
-1.780320
-1.741226
-1.702990
-1.665594
-1.629019
-1.593247
-1.558260
-1.524042
-1.490575
-1.457843
-1.425830
-1.394520
-1.363898
-1.333947
-1.304655
-1.276006
-1.247986
-1.220581
-1.193778
-1.167563
-1.141924
-1.116848
-1.092323
-1.068337
-1.044877
-1.021932
-0.999491
-0.977543
-0.956077
-0.935082
-0.914548
-0.894465
-0.874823
-0.855613
-0.836824
-0.818448
-0.800476
-0.782898
-0.765706
-0.748891
-0.732446
