-250.902337
-268.458627
-295.546757
-326.231005
-356.371333
-383.302584
-405.518405
-422.380833
-433.867517
-440.361710
-442.485367
-440.972472
-436.577851
-430.015798
-421.922673
-412.837911
-403.198484
-393.342592
-383.519156
-373.900429
-364.595776
-355.665208
-347.131818
-338.992581
-331.227323
-323.805840
-316.693294
-309.854094
-303.254501
-296.864215
-290.657166
-284.611747
-278.710642
-272.940418
-267.290974
-261.754955
-256.327169
-251.004049
-245.783196
-240.662992
-235.642296
-230.720213
-225.895926
-221.168586
-216.537245
-212.000818
-207.558076
-203.207651
-198.948051
-194.777688
-190.694898
-186.697964
-182.785144
-178.954683
-175.204833
-171.533863
-167.940071
-164.421785
-160.977373
-157.605242
-154.303836
-151.071644
-147.907188
-144.809032
-141.775774
-138.806045
-135.898510
-133.051863
-130.264828
-127.536159
-124.864634
-122.249058
-119.688262
-117.181101
-114.726453
-112.323219
-109.970324
-107.666715
-105.411359
-103.203248
-101.041391
-98.924820
-96.852587
-94.823762
-92.837436
-90.892719
-88.988740
-87.124644
-85.299597
-83.512780
-81.763392
-80.050650
-78.373785
-76.732046
-75.124697
-73.551018
-72.010304
-70.501863
-69.025021
-67.579114
-66.163496
-64.777531
-63.420599
-62.092090
-60.791411
-59.517978
-58.271219
-57.050577
-55.855505
-54.685466
-53.539937
-52.418403
-51.320363
-50.245324
-49.192804
-48.162332
-47.153446
-46.165694
-45.198632
-44.251828
-43.324857
-42.417304
-41.528761
-40.658832
-39.807125
-38.973260
-38.156862
-37.357565
-36.575012
-35.808851
-35.058739
-34.324341
-33.605326
-32.901373
-32.212166
-31.537396
-30.876760
-30.229964
-29.596716
-28.976734
-28.369738
-27.775458
-27.193626
-26.623982
-26.066271
-25.520242
-24.985652
-24.462260
-23.949831
-23.448137
-22.956952
-22.476057
-22.005234
-21.544275
-21.092971
-20.651121
-20.218527
-19.794995
-19.380334
-18.974360
-18.576890
-18.187746
-17.806754
-17.433742
-17.068545
-16.710997
-16.360939
-16.018214
-15.682668
-15.354151
-15.032516
-14.717618
-14.409317
-14.107473
-13.811953
-13.522623
-13.239354
-12.962019
-12.690493
-12.424655
-12.164386
-11.909569
-11.660090
-11.415836
-11.176699
-10.942572
-10.713349
-10.488928
-10.269207
-10.054090
-9.843479
-9.637279
-9.435399
-9.237748
-9.044237
-8.854780
-8.669291
-8.487688
-8.309889
-8.135815
-7.965387
-7.798529
-7.635167
-7.475226
-7.318636
-7.165326
-7.015228
-6.868274
-6.724398
-6.583536
-6.445625
-6.310603
-6.178409
-6.048984
-5.922271
-5.798212
-5.676751
-5.557835
-5.441410
-5.327424
-5.215826
-5.106565
-4.999593
-4.894862
-4.792325
-4.691935
-4.593649
-4.497422
-4.403210
-4.310972
-4.220666
-4.132251
-4.045689
-3.960940
-3.877967
-3.796731
-3.717198
-3.639330
-3.563093
-3.488454
-3.415378
-3.343832
-3.273786
-3.205207
-3.138064
-3.072328
-3.007969
-2.944958
-2.883267
-2.822868
-2.763735
-2.705840
-2.649158
-2.593664
-2.539332
-2.486138
-2.434058
-2.383069
-2.333149
-2.284274
-2.236423
-2.189574
-2.143707
-2.098800
-2.054835
-2.011790
-1.969647
-1.928387
-1.887991
-1.848441
-1.809720
-1.771810
-1.734694
-1.698355
-1.662778
-1.627946
-1.593844
-1.560456
-1.527767
-1.495763
-1.464430
-1.433753
-1.403718
-1.374313
-1.345524
-1.317338
-1.289742
-1.262724
-1.236273
-1.210375
-1.185020
-1.160196
-1.135892
-1.112097
-1.088801
-1.065993
-1.043662
-1.021799
-1.000395
-0.979438
