-249.601116
-267.923558
-296.012945
-327.598275
-358.361342
-385.575039
-407.749321
-424.308642
-435.314022
-441.234901
-442.770422
-440.716193
-435.870562
-428.973570
-420.671685
-411.501933
-401.889797
-392.156215
-382.529966
-373.162621
-364.144043
-355.517072
-347.290596
-339.450579
-331.968946
-324.810410
-317.937441
-311.313675
-304.906035
-298.685869
-292.629362
-286.717444
-280.935376
-275.272165
-269.719903
-264.273111
-258.928136
-253.682623
-248.535084
-243.484549
-238.530307
-233.671726
-228.908123
-224.238698
-219.662492
-215.178384
-210.785097
-206.481218
-202.265228
-198.135525
-194.090453
-190.128327
-186.247449
-182.446128
-178.722692
-175.075495
-171.502926
-168.003409
-164.575408
-161.217426
-157.928005
-154.705721
-151.549189
-148.457057
-145.428004
-142.460740
-139.554002
-136.706557
-133.917197
-131.184739
-128.508024
-125.885917
-123.317306
-120.801102
-118.336236
-115.921663
-113.556356
-111.239311
-108.969545
-106.746092
-104.568007
-102.434365
-100.344259
-98.296801
-96.291120
-94.326364
-92.401698
-90.516303
-88.669378
-86.860138
-85.087815
-83.351654
-81.650919
-79.984885
-78.352846
-76.754107
-75.187990
-73.653827
-72.150968
-70.678774
-69.236619
-67.823890
-66.439987
-65.084321
-63.756316
-62.455409
-61.181045
-59.932684
-58.709795
-57.511858
-56.338364
-55.188814
-54.062721
-52.959604
-51.878995
-50.820436
-49.783476
-48.767674
-47.772599
-46.797827
-45.842946
-44.907548
-43.991236
-43.093620
-42.214320
-41.352962
-40.509179
-39.682613
-38.872912
-38.079732
-37.302737
-36.541596
-35.795986
-35.065589
-34.350096
-33.649201
-32.962608
-32.290025
-31.631165
-30.985748
-30.353501
-29.734155
-29.127446
-28.533116
-27.950913
-27.380590
-26.821904
-26.274617
-25.738498
-25.213318
-24.698853
-24.194886
-23.701202
-23.217592
-22.743849
-22.279772
-21.825165
-21.379834
-20.943589
-20.516246
-20.097623
-19.687541
-19.285826
-18.892309
-18.506821
-18.129198
-17.759281
-17.396912
-17.041936
-16.694204
-16.353567
-16.019880
-15.693002
-15.372794
-15.059120
-14.751845
-14.450841
-14.155978
-13.867132
-13.584180
-13.307001
-13.035478
-12.769495
-12.508939
-12.253700
-12.003669
-11.758740
-11.518808
-11.283772
-11.053531
-10.827989
-10.607049
-10.390616
-10.178600
-9.970911
-9.767458
-9.568158
-9.372923
-9.181673
-8.994325
-8.810799
-8.631019
-8.454906
-8.282388
-8.113389
-7.947839
-7.785666
-7.626803
-7.471181
-7.318735
-7.169399
-7.023110
-6.879806
-6.739426
-6.601911
-6.467202
-6.335241
-6.205973
-6.079342
-5.955296
-5.833780
-5.714744
-5.598137
-5.483909
-5.372012
-5.262398
-5.155021
-5.049834
-4.946794
-4.845857
-4.746979
-4.650118
-4.555234
-4.462286
-4.371235
-4.282041
-4.194668
-4.109077
-4.025233
-3.943099
-3.862641
-3.783826
-3.706618
-3.630986
-3.556896
-3.484319
-3.413223
-3.343577
-3.275352
-3.208520
-3.143051
-3.078918
-3.016094
-2.954551
-2.894265
-2.835208
-2.777356
-2.720685
-2.665170
-2.610788
-2.557516
-2.505331
-2.454210
-2.404133
-2.355077
-2.307022
-2.259948
-2.213835
-2.168662
-2.124411
-2.081063
-2.038599
-1.997002
-1.956254
-1.916337
-1.877235
-1.838930
-1.801407
-1.764650
-1.728643
-1.693370
-1.658818
-1.624970
-1.591813
-1.559332
-1.527514
-1.496346
-1.465813
-1.435904
-1.406604
-1.377903
-1.349787
-1.322245
-1.295265
-1.268835
-1.242945
-1.217583
-1.192738
-1.168401
-1.144560
