-249.174838
-267.749599
-296.165619
-328.040746
-358.998934
-386.294326
-408.444069
-424.894747
-435.735910
-441.465879
-442.809172
-440.581213
-435.593917
-428.594893
-420.233024
-411.043715
-401.447999
-391.760654
-382.203559
-372.921386
-363.997647
-355.469718
-347.342078
-339.597375
-332.205252
-325.129048
-318.330615
-311.773552
-305.425168
-299.257471
-293.247456
-287.376914
-281.631951
-276.002346
-270.480864
-265.062588
-259.744310
-254.524017
-249.400463
-244.372844
-239.440552
-234.603007
-229.859549
-225.209374
-220.651512
-216.184822
-211.808010
-207.519650
-203.318216
-199.202105
-195.169668
-191.219233
-187.349122
-183.557667
-179.843222
-176.204171
-172.638933
-169.145965
-165.723760
-162.370853
-159.085814
-155.867250
-152.713803
-149.624146
-146.596985
-143.631053
-140.725111
-137.877947
-135.088373
-132.355228
-129.677371
-127.053687
-124.483082
-121.964483
-119.496839
-117.079120
-114.710317
-112.389442
-110.115523
-107.887612
-105.704778
-103.566108
-101.470709
-99.417706
-97.406240
-95.435471
-93.504576
-91.612747
-89.759195
-87.943145
-86.163838
-84.420530
-82.712494
-81.039015
-79.399394
-77.792947
-76.219003
-74.676902
-73.166003
-71.685672
-70.235292
-68.814257
-67.421972
-66.057857
-64.721341
-63.411866
-62.128885
-60.871862
-59.640271
-58.433599
-57.251340
-56.093001
-54.958098
-53.846157
-52.756714
-51.689312
-50.643507
-49.618861
-48.614945
-47.631342
-46.667639
-45.723434
-44.798333
-43.891949
-43.003903
-42.133825
-41.281350
-40.446123
-39.627795
-38.826023
-38.040474
-37.270818
-36.516734
-35.777907
-35.054028
-34.344795
-33.649911
-32.969087
-32.302038
-31.648485
-31.008154
-30.380779
-29.766098
-29.163853
-28.573793
-27.995671
-27.429246
-26.874281
-26.330545
-25.797810
-25.275853
-24.764457
-24.263408
-23.772496
-23.291516
-22.820268
-22.358555
-21.906183
-21.462964
-21.028712
-20.603246
-20.186388
-19.777965
-19.377805
-18.985741
-18.601609
-18.225250
-17.856505
-17.495221
-17.141247
-16.794434
-16.454639
-16.121718
-15.795533
-15.475947
-15.162828
-14.856044
-14.555467
-14.260971
-13.972434
-13.689734
-13.412755
-13.141379
-12.875494
-12.614988
-12.359754
-12.109683
-11.864672
-11.624618
-11.389420
-11.158982
-10.933206
-10.711998
-10.495265
-10.282918
-10.074867
-9.871025
-9.671308
-9.475631
-9.283914
-9.096075
-8.912037
-8.731723
-8.555056
-8.381964
-8.212375
-8.046216
-7.883419
-7.723916
-7.567640
-7.414527
-7.264511
-7.117530
-6.973523
-6.832429
-6.694191
-6.558749
-6.426048
-6.296031
-6.168645
-6.043837
-5.921553
-5.801744
-5.684359
-5.569349
-5.456665
-5.346262
-5.238093
-5.132112
-5.028275
-4.926539
-4.826861
-4.729201
-4.633516
-4.539767
-4.447915
-4.357921
-4.269749
-4.183360
-4.098719
-4.015790
-3.934540
-3.854933
-3.776937
-3.700519
-3.625647
-3.552290
-3.480418
-3.409999
-3.341005
-3.273407
-3.207177
-3.142287
-3.078710
-3.016419
-2.955388
-2.895592
-2.837006
-2.779606
-2.723367
-2.668265
-2.614279
-2.561384
-2.509560
-2.458785
-2.409037
-2.360295
-2.312540
-2.265750
-2.219908
-2.174993
-2.130987
-2.087871
-2.045627
-2.004238
-1.963687
-1.923956
-1.885029
-1.846889
-1.809521
-1.772910
-1.737039
-1.701893
-1.667459
-1.633722
-1.600667
-1.568281
-1.536550
-1.505461
-1.475001
-1.445158
-1.415918
-1.387270
-1.359202
-1.331701
-1.304757
-1.278358
-1.252493
-1.227151
-1.202323
