-248.333012
-267.407925
-296.466860
-328.906317
-360.236920
-387.678093
-409.763927
-425.987121
-436.495272
-441.844574
-442.809674
-440.244493
-434.986658
-427.797434
-419.329153
-410.112844
-400.559801
-390.971981
-381.557255
-372.446572
-363.711018
-355.377458
-347.442052
-339.881338
-332.660898
-325.741773
-319.084951
-312.654250
-306.417953
-300.349513
-294.427602
-288.635736
-282.961661
-277.396631
-271.934668
-266.571879
-261.305856
-256.135172
-251.058994
-246.076781
-241.188078
-236.392372
-231.689017
-227.077189
-222.555880
-218.123911
-213.779953
-209.522557
-205.350187
-201.261247
-197.254107
-193.327126
-189.478667
-185.707112
-182.010871
-178.388386
-174.838136
-171.358639
-167.948450
-164.606160
-161.330399
-158.119827
-154.973138
-151.889056
-148.866334
-145.903750
-143.000109
-140.154240
-137.364996
-134.631253
-131.951908
-129.325881
-126.752113
-124.229564
-121.757216
-119.334072
-116.959152
-114.631496
-112.350165
-110.114235
-107.922805
-105.774987
-103.669915
-101.606736
-99.584618
-97.602743
-95.660310
-93.756534
-91.890646
-90.061892
-88.269532
-86.512843
-84.791114
-83.103649
-81.449768
-79.828801
-78.240093
-76.683003
-75.156900
-73.661170
-72.195206
-70.758417
-69.350223
-67.970053
-66.617350
-65.291568
-63.992171
-62.718634
-61.470442
-60.247090
-59.048085
-57.872942
-56.721186
-55.592351
-54.485982
-53.401631
-52.338860
-51.297240
-50.276349
-49.275776
-48.295115
-47.333971
-46.391955
-45.468686
-44.563792
-43.676906
-42.807671
-41.955735
-41.120753
-40.302389
-39.500311
-38.714196
-37.943725
-37.188588
-36.448480
-35.723100
-35.012157
-34.315362
-33.632435
-32.963099
-32.307083
-31.664123
-31.033959
-30.416337
-29.811005
-29.217721
-28.636244
-28.066339
-27.507776
-26.960330
-26.423778
-25.897904
-25.382496
-24.877346
-24.382248
-23.897004
-23.421417
-22.955295
-22.498449
-22.050695
-21.611852
-21.181743
-20.760194
-20.347034
-19.942096
-19.545217
-19.156237
-18.774998
-18.401347
-18.035131
-17.676204
-17.324420
-16.979637
-16.641715
-16.310519
-15.985914
-15.667769
-15.355956
-15.050349
-14.750823
-14.457258
-14.169536
-13.887540
-13.611156
-13.340272
-13.074780
-12.814571
-12.559540
-12.309586
-12.064605
-11.824500
-11.589174
-11.358531
-11.132478
-10.910924
-10.693779
-10.480956
-10.272368
-10.067931
-9.867563
-9.671183
-9.478710
-9.290069
-9.105181
-8.923974
-8.746372
-8.572305
-8.401702
-8.234495
-8.070615
-7.909997
-7.752575
-7.598286
-7.447068
-7.298859
-7.153599
-7.011231
-6.871696
-6.734938
-6.600902
-6.469533
-6.340779
-6.214587
-6.090906
-5.969687
-5.850880
-5.734438
-5.620313
-5.508460
-5.398832
-5.291387
-5.186079
-5.082868
-4.981710
-4.882566
-4.785394
-4.690157
-4.596815
-4.505331
-4.415667
-4.327788
-4.241658
-4.157242
-4.074505
-3.993416
-3.913940
-3.836046
-3.759702
-3.684878
-3.611543
-3.539667
-3.469221
-3.400178
-3.332509
-3.266186
-3.201183
-3.137474
-3.075033
-3.013835
-2.953854
-2.895068
-2.837451
-2.780981
-2.725634
-2.671390
-2.618224
-2.566117
-2.515047
-2.464993
-2.415936
-2.367854
-2.320730
-2.274543
-2.229276
-2.184910
-2.141426
-2.098808
-2.057038
-2.016099
-1.975975
-1.936650
-1.898107
-1.860332
-1.823308
-1.787021
-1.751456
-1.716599
-1.682436
-1.648952
-1.616135
-1.583971
-1.552447
-1.521551
-1.491269
-1.461590
-1.432502
-1.403993
-1.376051
-1.348665
-1.321824
