-635.798745
-784.135293
-953.961665
-1087.066221
-1167.858025
-1202.326436
-1204.087297
-1186.717723
-1160.550230
-1132.099189
-1104.727685
-1079.676165
-1056.998380
-1036.236010
-1016.823347
-998.282590
-980.284894
-962.640602
-945.262096
-928.123993
-911.231682
-894.600841
-878.246424
-862.178238
-846.400334
-830.912144
-815.710077
-800.788929
-786.142882
-771.766087
-757.652939
-743.798157
-730.196757
-716.843990
-703.735286
-690.866198
-678.232378
-665.829552
-653.653518
-641.700143
-629.965361
-618.445178
-607.135668
-596.032979
-585.133327
-574.432997
-563.928345
-553.615791
-543.491823
-533.552991
-523.795911
-514.217258
-504.813770
-495.582243
-486.519533
-477.622553
-468.888272
-460.313714
-451.895960
-443.632140
-435.519442
-427.555100
-419.736401
-412.060684
-404.525332
-397.127779
-389.865505
-382.736036
-375.736944
-368.865844
-362.120396
-355.498302
-348.997305
-342.615193
-336.349790
-330.198963
-324.160616
-318.232692
-312.413172
-306.700073
-301.091450
-295.585391
-290.180022
-284.873501
-279.664020
-274.549805
-269.529114
-264.600236
-259.761492
-255.011234
-250.347844
-245.769734
-241.275343
-236.863142
-232.531626
-228.279321
-224.104777
-220.006574
-215.983314
-212.033628
-208.156169
-204.349618
-200.612676
-196.944073
-193.342557
-189.806902
-186.335903
-182.928379
-179.583168
-176.299131
-173.075149
-169.910124
-166.802977
-163.752652
-160.758107
-157.818324
-154.932300
-152.099053
-149.317618
-146.587047
-143.906409
-141.274793
-138.691301
-136.155053
-133.665186
-131.220850
-128.821215
-126.465461
-124.152787
-121.882405
-119.653542
-117.465437
-115.317347
-113.208538
-111.138294
-109.105908
-107.110688
-105.151955
-103.229041
-101.341291
-99.488063
-97.668725
-95.882657
-94.129250
-92.407909
-90.718045
-89.059084
-87.430460
-85.831619
-84.262017
-82.721117
-81.208396
-79.723338
-78.265437
-76.834197
-75.429129
-74.049757
-72.695609
-71.366224
-70.061150
-68.779941
-67.522162
-66.287384
-65.075187
-63.885157
-62.716889
-61.569985
-60.444054
-59.338714
-58.253586
-57.188303
-56.142500
-55.115822
-54.107919
-53.118447
-52.147070
-51.193456
-50.257281
-49.338226
-48.435978
-47.550229
-46.680678
-45.827028
-44.988989
-44.166275
-43.358606
-42.565707
-41.787308
-41.023143
-40.272953
-39.536481
-38.813477
-38.103695
-37.406893
-36.722833
-36.051282
-35.392012
-34.744798
-34.109420
-33.485661
-32.873308
-32.272154
-31.681993
-31.102624
-30.533850
-29.975478
-29.427316
-28.889178
-28.360882
-27.842246
-27.333095
-26.833254
-26.342554
-25.860828
-25.387911
-24.923642
-24.467863
-24.020419
-23.581158
-23.149929
-22.726586
-22.310985
-21.902984
-21.502444
-21.109228
-20.723204
-20.344238
-19.972203
-19.606971
-19.248418
-18.896422
-18.550863
-18.211624
-17.878588
-17.551642
-17.230675
-16.915577
-16.606242
-16.302563
-16.004438
-15.711765
-15.424444
-15.142377
-14.865468
-14.593623
-14.326749
-14.064756
-13.807554
-13.555055
-13.307173
-13.063825
-12.824927
-12.590397
-12.360157
-12.134126
-11.912229
-11.694390
-11.480535
-11.270590
-11.064485
-10.862148
-10.663512
-10.468509
-10.277071
-10.089134
-9.904634
-9.723508
-9.545694
-9.371132
-9.199762
-9.031525
-8.866366
-8.704227
-8.545052
-8.388789
-8.235383
-8.084782
-7.936936
-7.791793
-7.649304
-7.509422
-7.372097
-7.237283
-7.104935
-6.975007
-6.847455
-6.722235
-6.599306
-6.478624
-6.360149
-6.243841
-6.129660
-6.017567
-5.907524
-5.799493
-5.693437
-5.589321
-5.487109
-5.386766
-5.288259
