-633.914227
-783.420886
-953.855641
-1086.692693
-1166.664536
-1200.201597
-1201.232728
-1183.464956
-1157.218595
-1128.921510
-1101.833335
-1077.108433
-1054.744731
-1034.257060
-1015.073904
-996.723565
-978.887805
-961.387377
-944.142632
-927.133196
-910.366949
-893.860333
-877.628111
-861.679520
-846.018024
-830.642618
-815.549466
-800.733290
-786.188309
-771.908785
-757.889246
-744.124548
-730.609836
-717.340478
-704.312005
-691.520066
-678.960398
-666.628809
-654.521179
-642.633450
-630.961636
-619.501814
-608.250136
-597.202818
-586.356148
-575.706482
-565.250239
-554.983908
-544.904038
-535.007243
-525.290198
-515.749638
-506.382359
-497.185212
-488.155107
-479.289012
-470.583946
-462.036986
-453.645260
-445.405948
-437.316282
-429.373544
-421.575066
-413.918228
-406.400456
-399.019226
-391.772056
-384.656513
-377.670206
-370.810788
-364.075953
-357.463439
-350.971025
-344.596529
-338.337809
-332.192763
-326.159327
-320.235472
-314.419209
-308.708583
-303.101677
-297.596606
-292.191520
-286.884604
-281.674075
-276.558181
-271.535205
-266.603458
-261.761284
-257.007056
-252.339176
-247.756076
-243.256217
-238.838086
-234.500199
-230.241099
-226.059355
-221.953561
-217.922339
-213.964334
-210.078215
-206.262678
-202.516441
-198.838244
-195.226853
-191.681053
-188.199654
-184.781486
-181.425399
-178.130268
-174.894984
-171.718461
-168.599632
-165.537448
-162.530880
-159.578920
-156.680574
-153.834870
-151.040850
-148.297577
-145.604128
-142.959599
-140.363101
-137.813761
-135.310724
-132.853149
-130.440209
-128.071094
-125.745007
-123.461169
-121.218810
-119.017178
-116.855533
-114.733149
-112.649313
-110.603324
-108.594496
-106.622152
-104.685632
-102.784283
-100.917467
-99.084558
-97.284938
-95.518004
-93.783162
-92.079829
-90.407433
-88.765411
-87.153213
-85.570296
-84.016129
-82.490189
-80.991964
-79.520951
-78.076654
-76.658590
-75.266281
-73.899260
-72.557068
-71.239253
-69.945373
-68.674992
-67.427685
-66.203032
-65.000622
-63.820051
-62.660922
-61.522845
-60.405439
-59.308327
-58.231142
-57.173521
-56.135109
-55.115557
-54.114523
-53.131670
-52.166668
-51.219192
-50.288926
-49.375555
-48.478773
-47.598279
-46.733777
-45.884977
-45.051592
-44.233344
-43.429958
-42.641163
-41.866694
-41.106292
-40.359700
-39.626669
-38.906951
-38.200304
-37.506493
-36.825282
-36.156445
-35.499754
-34.854991
-34.221939
-33.600384
-32.990118
-32.390936
-31.802637
-31.225023
-30.657899
-30.101076
-29.554367
-29.017586
-28.490555
-27.973097
-27.465036
-26.966203
-26.476431
-25.995553
-25.523410
-25.059842
-24.604693
-24.157812
-23.719046
-23.288250
-22.865278
-22.449988
-22.042241
-21.641899
-21.248829
-20.862898
-20.483976
-20.111936
-19.746654
-19.388006
-19.035872
-18.690134
-18.350675
-18.017381
-17.690141
-17.368845
-17.053383
-16.743652
-16.439546
-16.140963
-15.847803
-15.559968
-15.277361
-14.999886
-14.727451
-14.459964
-14.197336
-13.939477
-13.686302
-13.437725
-13.193662
-12.954033
-12.718756
-12.487752
-12.260943
-12.038254
-11.819610
-11.604937
-11.394162
-11.187216
-10.984029
-10.784532
-10.588658
-10.396342
-10.207518
-10.022125
-9.840098
-9.661378
-9.485903
-9.313616
-9.144458
-8.978372
-8.815302
-8.655195
-8.497995
-8.343650
-8.192109
-8.043320
-7.897233
-7.753800
-7.612972
-7.474702
-7.338943
-7.205649
-7.074777
-6.946281
-6.820120
-6.696250
-6.574629
-6.455218
-6.337975
-6.222862
-6.109839
-5.998869
-5.889915
-5.782940
-5.677907
-5.574782
-5.473530
