-628.357678
-781.292043
-953.426934
-1085.368135
-1162.863029
-1193.664490
-1192.608891
-1173.753625
-1147.352229
-1119.558999
-1093.323912
-1069.552951
-1048.089531
-1028.379500
-1009.841858
-992.027155
-974.649753
-957.560460
-940.701542
-924.065676
-907.666676
-891.522301
-875.646266
-860.045990
-844.723264
-829.675936
-814.899602
-800.388872
-786.138160
-772.142070
-758.395531
-744.893787
-731.632339
-718.606871
-705.813196
-693.247221
-680.904923
-668.782344
-656.875585
-645.180812
-633.694253
-622.412201
-611.331013
-600.447112
-589.756985
-579.257181
-568.944312
-558.815048
-548.866122
-539.094322
-529.496496
-520.069546
-510.810429
-501.716158
-492.783798
-484.010466
-475.393331
-466.929612
-458.616578
-450.451546
-442.431881
-434.554995
-426.818346
-419.219437
-411.755817
-404.425075
-397.224848
-390.152810
-383.206680
-376.384217
-369.683217
-363.101520
-356.637001
-350.287574
-344.051189
-337.925835
-331.909533
-326.000344
-320.196360
-314.495708
-308.896547
-303.397072
-297.995508
-292.690111
-287.479169
-282.361001
-277.333954
-272.396408
-267.546767
-262.783467
-258.104972
-253.509770
-248.996380
-244.563344
-240.209233
-235.932640
-231.732186
-227.606516
-223.554297
-219.574222
-215.665007
-211.825390
-208.054133
-204.350017
-200.711848
-197.138451
-193.628674
-190.181384
-186.795467
-183.469833
-180.203406
-176.995134
-173.843981
-170.748929
-167.708981
-164.723154
-161.790487
-158.910031
-156.080858
-153.302054
-150.572723
-147.891984
-145.258972
-142.672837
-140.132744
-137.637875
-135.187423
-132.780598
-130.416623
-128.094735
-125.814186
-123.574238
-121.374170
-119.213271
-117.090843
-115.006203
-112.958676
-110.947603
-108.972335
-107.032233
-105.126672
-103.255037
-101.416724
-99.611139
-97.837700
-96.095835
-94.384982
-92.704588
-91.054111
-89.433018
-87.840787
-86.276903
-84.740862
-83.232168
-81.750334
-80.294883
-78.865343
-77.461255
-76.082164
-74.727626
-73.397204
-72.090468
-70.806997
-69.546376
-68.308199
-67.092066
-65.897584
-64.724369
-63.572041
-62.440229
-61.328566
-60.236696
-59.164265
-58.110927
-57.076342
-56.060177
-55.062102
-54.081798
-53.118946
-52.173237
-51.244364
-50.332029
-49.435937
-48.555798
-47.691329
-46.842251
-46.008289
-45.189175
-44.384644
-43.594437
-42.818298
-42.055977
-41.307229
-40.571810
-39.849485
-39.140020
-38.443186
-37.758758
-37.086516
-36.426241
-35.777722
-35.140749
-34.515117
-33.900623
-33.297069
-32.704260
-32.122006
-31.550118
-30.988412
-30.436706
-29.894822
-29.362586
-28.839826
-28.326373
-27.822061
-27.326727
-26.840212
-26.362359
-25.893014
-25.432024
-24.979242
-24.534521
-24.097718
-23.668691
-23.247303
-22.833417
-22.426899
-22.027619
-21.635448
-21.250258
-20.871927
-20.500331
-20.135351
-19.776869
-19.424769
-19.078937
-18.739263
-18.405636
-18.077949
-17.756096
-17.439974
-17.129479
-16.824512
-16.524975
-16.230770
-15.941804
-15.657982
-15.379213
-15.105407
-14.836477
-14.572333
-14.312893
-14.058072
-13.807787
-13.561959
-13.320506
-13.083353
-12.850422
-12.621638
-12.396927
-12.176217
-11.959436
-11.746515
-11.537384
-11.331977
-11.130227
-10.932068
-10.737438
-10.546273
-10.358511
-10.174092
-9.992956
-9.815045
-9.640302
-9.468669
-9.300093
-9.134517
-8.971890
-8.812158
-8.655269
-8.501174
-8.349823
-8.201165
-8.055155
-7.911744
-7.770886
-7.632536
-7.496649
-7.363182
-7.232091
-7.103333
-6.976868
-6.852655
-6.730652
-6.610822
-6.493126
-6.377525
-6.263982
-6.152460
-6.042924
