-626.536814
-780.586869
-953.248315
-1084.861714
-1161.526837
-1191.436481
-1189.718830
-1170.535210
-1144.107387
-1116.494349
-1090.543479
-1067.081413
-1045.904314
-1026.438696
-1008.102799
-990.455699
-973.222742
-956.264300
-939.529279
-923.014081
-906.734031
-890.707051
-874.946383
-859.458826
-844.245651
-829.304379
-814.630467
-800.218524
-786.063046
-772.158756
-758.500712
-745.084279
-731.905067
-718.958855
-706.241543
-693.749117
-681.477628
-669.423190
-657.581976
-645.950221
-634.524221
-623.300336
-612.274989
-601.444667
-590.805919
-580.355357
-570.089651
-560.005532
-550.099786
-540.369260
-530.810854
-521.421523
-512.198277
-503.138177
-494.238339
-485.495927
-476.908156
-468.472291
-460.185645
-452.045579
-444.049500
-436.194861
-428.479160
-420.899939
-413.454784
-406.141324
-398.957229
-391.900211
-384.968023
-378.158455
-371.469340
-364.898546
-358.443981
-352.103588
-345.875348
-339.757277
-333.747427
-327.843883
-322.044765
-316.348225
-310.752449
-305.255655
-299.856093
-294.552041
-289.341810
-284.223742
-279.196205
-274.257599
-269.406350
-264.640913
-259.959770
-255.361431
-250.844429
-246.407328
-242.048713
-237.767196
-233.561413
-229.430025
-225.371715
-221.385192
-217.469185
-213.622446
-209.843752
-206.131897
-202.485700
-198.904000
-195.385654
-191.929544
-188.534568
-185.199644
-181.923711
-178.705724
-175.544659
-172.439509
-169.389286
-166.393016
-163.449747
-160.558540
-157.718474
-154.928646
-152.188166
-149.496161
-146.851774
-144.254163
-141.702500
-139.195973
-136.733782
-134.315145
-131.939290
-129.605461
-127.312914
-125.060919
-122.848759
-120.675729
-118.541137
-116.444303
-114.384559
-112.361249
-110.373729
-108.421366
-106.503537
-104.619632
-102.769051
-100.951204
-99.165512
-97.411407
-95.688329
-93.995731
-92.333072
-90.699824
-89.095465
-87.519486
-85.971383
-84.450664
-82.956845
-81.489450
-80.048010
-78.632068
-77.241172
-75.874879
-74.532754
-73.214369
-71.919305
-70.647149
-69.397495
-68.169946
-66.964111
-65.779606
-64.616052
-63.473081
-62.350327
-61.247433
-60.164048
-59.099826
-58.054429
-57.027524
-56.018783
-55.027886
-54.054516
-53.098364
-52.159125
-51.236500
-50.330195
-49.439921
-48.565395
-47.706338
-46.862476
-46.033542
-45.219270
-44.419402
-43.633682
-42.861860
-42.103691
-41.358933
-40.627349
-39.908705
-39.202774
-38.509329
-37.828150
-37.159021
-36.501727
-35.856061
-35.221815
-34.598788
-33.986782
-33.385601
-32.795054
-32.214953
-31.645114
-31.085354
-30.535496
-29.995364
-29.464786
-28.943593
-28.431619
-27.928702
-27.434681
-26.949398
-26.472699
-26.004432
-25.544448
-25.092601
-24.648747
-24.212743
-23.784452
-23.363737
-22.950463
-22.544500
-22.145718
-21.753990
-21.369191
-20.991199
-20.619892
-20.255154
-19.896867
-19.544918
-19.199195
-18.859586
-18.525986
-18.198286
-17.876382
-17.560173
-17.249557
-16.944435
-16.644711
-16.350288
-16.061073
-15.776974
-15.497901
-15.223763
-14.954475
-14.689951
-14.430105
-14.174856
-13.924121
-13.677822
-13.435880
-13.198217
-12.964758
-12.735429
-12.510156
-12.288868
-12.071494
-11.857966
-11.648214
-11.442173
-11.239776
-11.040959
-10.845659
-10.653814
-10.465362
-10.280244
-10.098400
-9.919773
-9.744305
-9.571942
-9.402627
-9.236307
-9.072929
-8.912441
-8.754791
-8.599931
-8.447810
-8.298379
-8.151592
-8.007401
-7.865761
-7.726626
-7.589952
-7.455696
-7.323815
-7.194266
-7.067009
-6.942003
-6.819208
-6.698586
-6.580097
-6.463703
-6.349369
-6.237057
