-622.940335
-779.182599
-952.839523
-1083.756809
-1158.758793
-1186.915706
-1183.923025
-1164.131176
-1137.685076
-1110.447876
-1085.063360
-1062.204842
-1041.580222
-1022.582460
-1004.631474
-987.304711
-970.349449
-953.644410
-937.150800
-920.871595
-904.824535
-889.027519
-873.492722
-858.225704
-843.226769
-828.492869
-814.019248
-799.800555
-785.831468
-772.106954
-758.622317
-745.373153
-732.355272
-719.564634
-706.997302
-694.649407
-682.517147
-670.596771
-658.884589
-647.376968
-636.070336
-624.961180
-614.046052
-603.321560
-592.784376
-582.431226
-572.258897
-562.264230
-552.444122
-542.795526
-533.315445
-524.000937
-514.849109
-505.857120
-497.022179
-488.341543
-479.812516
-471.432452
-463.198747
-455.108847
-447.160239
-439.350456
-431.677073
-424.137708
-416.730020
-409.451709
-402.300516
-395.274221
-388.370642
-381.587636
-374.923097
-368.374957
-361.941181
-355.619773
-349.408771
-343.306245
-337.310302
-331.419079
-325.630749
-319.943513
-314.355607
-308.865295
-303.470872
-298.170665
-292.963028
-287.846343
-282.819023
-277.879507
-273.026260
-268.257777
-263.572577
-258.969205
-254.446233
-250.002255
-245.635893
-241.345791
-237.130616
-232.989061
-228.919839
-224.921687
-220.993364
-217.133651
-213.341348
-209.615279
-205.954287
-202.357236
-198.823007
-195.350506
-191.938652
-188.586387
-185.292671
-182.056480
-178.876811
-175.752675
-172.683103
-169.667142
-166.703856
-163.792325
-160.931644
-158.120925
-155.359297
-152.645902
-149.979896
-147.360454
-144.786760
-142.258017
-139.773439
-137.332255
-134.933707
-132.577050
-130.261553
-127.986497
-125.751175
-123.554894
-121.396972
-119.276738
-117.193535
-115.146715
-113.135644
-111.159697
-109.218260
-107.310731
-105.436518
-103.595038
-101.785721
-100.008003
-98.261334
-96.545171
-94.858981
-93.202241
-91.574437
-89.975062
-88.403621
-86.859626
-85.342597
-83.852064
-82.387563
-80.948640
-79.534848
-78.145748
-76.780910
-75.439909
-74.122328
-72.827760
-71.555802
-70.306059
-69.078143
-67.871673
-66.686274
-65.521578
-64.377225
-63.252857
-62.148128
-61.062692
-59.996214
-58.948363
-57.918812
-56.907243
-55.913341
-54.936798
-53.977311
-53.034581
-52.108317
-51.198229
-50.304037
-49.425462
-48.562232
-47.714078
-46.880738
-46.061952
-45.257466
-44.467031
-43.690401
-42.927336
-42.177597
-41.440953
-40.717174
-40.006037
-39.307320
-38.620806
-37.946282
-37.283539
-36.632371
-35.992575
-35.363954
-34.746313
-34.139458
-33.543202
-32.957360
-32.381750
-31.816193
-31.260514
-30.714540
-30.178101
-29.651032
-29.133168
-28.624348
-28.124416
-27.633214
-27.150592
-26.676399
-26.210488
-25.752714
-25.302935
-24.861012
-24.426807
-24.000185
-23.581015
-23.169165
-22.764509
-22.366920
-21.976275
-21.592453
-21.215334
-20.844802
-20.480742
-20.123039
-19.771584
-19.426268
-19.086982
-18.753622
-18.426085
-18.104268
-17.788071
-17.477397
-17.172149
-16.872233
-16.577554
-16.288022
-16.003547
-15.724040
-15.449415
-15.179587
-14.914471
-14.653985
-14.398049
-14.146582
-13.899508
-13.656749
-13.418230
-13.183877
-12.953616
-12.727377
-12.505090
-12.286685
-12.072094
-11.861251
-11.654091
-11.450549
-11.250562
-11.054067
-10.861005
-10.671314
-10.484936
-10.301814
-10.121889
-9.945108
-9.771413
-9.600753
-9.433073
-9.268321
-9.106447
-8.947400
-8.791131
-8.637592
-8.486733
-8.338510
-8.192876
-8.049785
-7.909193
-7.771056
-7.635332
-7.501979
-7.370955
-7.242219
-7.115731
-6.991453
-6.869345
-6.749370
-6.631490
