-621.164173
-778.483323
-952.609997
-1083.159998
-1157.329406
-1184.625625
-1181.019539
-1160.946927
-1134.507936
-1107.465495
-1082.362573
-1059.798564
-1039.440293
-1020.666384
-1002.899057
-985.725503
-968.903882
-952.321688
-935.945788
-919.782035
-903.849095
-888.164710
-872.740472
-857.581335
-842.687155
-828.054640
-813.678958
-799.554797
-785.676935
-772.040457
-758.640787
-745.473628
-732.534887
-719.820607
-707.326924
-695.050044
-682.986229
-671.131797
-659.483121
-648.036633
-636.788823
-625.736242
-614.875499
-604.203265
-593.716265
-583.411286
-573.285168
-563.334805
-553.557149
-543.949200
-534.508015
-525.230697
-516.114403
-507.156339
-498.353757
-489.703960
-481.204294
-472.852155
-464.644983
-456.580259
-448.655514
-440.868315
-433.216278
-425.697054
-418.308340
-411.047870
-403.913418
-396.902797
-390.013857
-383.244487
-376.592611
-370.056190
-363.633220
-357.321732
-351.119791
-345.025495
-339.036976
-333.152398
-327.369958
-321.687882
-316.104428
-310.617884
-305.226570
-299.928830
-294.723043
-289.607611
-284.580966
-279.641567
-274.787900
-270.018477
-265.331835
-260.726539
-256.201175
-251.754357
-247.384721
-243.090928
-238.871661
-234.725627
-230.651554
-226.648194
-222.714320
-218.848724
-215.050223
-211.317651
-207.649865
-204.045739
-200.504170
-197.024070
-193.604374
-190.244032
-186.942015
-183.697310
-180.508923
-177.375876
-174.297208
-171.271976
-168.299252
-165.378125
-162.507699
-159.687094
-156.915446
-154.191905
-151.515635
-148.885817
-146.301644
-143.762324
-141.267078
-138.815141
-136.405762
-134.038202
-131.711735
-129.425648
-127.179240
-124.971822
-122.802718
-120.671263
-118.576802
-116.518695
-114.496310
-112.509026
-110.556236
-108.637339
-106.751749
-104.898886
-103.078182
-101.289081
-99.531032
-97.803497
-96.105947
-94.437860
-92.798726
-91.188042
-89.605315
-88.050058
-86.521795
-85.020058
-83.544387
-82.094328
-80.669438
-79.269279
-77.893422
-76.541446
-75.212935
-73.907483
-72.624690
-71.364161
-70.125512
-68.908361
-67.712336
-66.537070
-65.382203
-64.247381
-63.132255
-62.036485
-60.959733
-59.901670
-58.861972
-57.840320
-56.836400
-55.849905
-54.880532
-53.927985
-52.991970
-52.072202
-51.168398
-50.280281
-49.407579
-48.550024
-47.707354
-46.879309
-46.065637
-45.266087
-44.480415
-43.708380
-42.949744
-42.204277
-41.471748
-40.751933
-40.044612
-39.349568
-38.666587
-37.995461
-37.335983
-36.687952
-36.051168
-35.425437
-34.810567
-34.206369
-33.612657
-33.029251
-32.455971
-31.892640
-31.339088
-30.795143
-30.260640
-29.735413
-29.219303
-28.712151
-28.213801
-27.724102
-27.242901
-26.770053
-26.305412
-25.848836
-25.400184
-24.959319
-24.526107
-24.100413
-23.682108
-23.271064
-22.867154
-22.470254
-22.080244
-21.697003
-21.320413
-20.950360
-20.586730
-20.229411
-19.878294
-19.533272
-19.194238
-18.861088
-18.533721
-18.212036
-17.895934
-17.585319
-17.280095
-16.980168
-16.685448
-16.395843
-16.111264
-15.831625
-15.556839
-15.286823
-15.021494
-14.760769
-14.504570
-14.252818
-14.005436
-13.762347
-13.523477
-13.288753
-13.058104
-12.831458
-12.608745
-12.389898
-12.174850
-11.963534
-11.755886
-11.551842
-11.351340
-11.154317
-10.960715
-10.770472
-10.583532
-10.399836
-10.219329
-10.041954
-9.867659
-9.696388
-9.528090
-9.362714
-9.200207
-9.040522
-8.883608
-8.729417
-8.577903
-8.429018
-8.282718
-8.138957
-7.997691
-7.858877
-7.722472
-7.588435
-7.456725
-7.327300
-7.200122
-7.075151
-6.952350
-6.831679
