-619.402377
-777.785840
-952.364139
-1082.534692
-1155.871348
-1182.317441
-1178.113733
-1157.775343
-1131.353630
-1104.509952
-1079.687238
-1057.412824
-1037.314447
-1018.757942
-1001.168727
-984.144039
-967.452833
-950.991088
-934.731020
-918.681098
-902.860745
-887.287463
-871.972237
-856.919427
-842.128469
-827.595849
-813.316681
-799.285702
-785.497792
-771.948154
-758.632328
-745.546121
-732.685530
-720.046678
-707.625775
-695.419094
-683.422963
-671.633765
-660.047935
-648.661968
-637.472416
-626.475888
-615.669055
-605.048642
-594.611433
-584.354268
-574.274041
-564.367700
-554.632245
-545.064728
-535.662253
-526.421973
-517.341089
-508.416852
-499.646560
-491.027558
-482.557235
-474.233026
-466.052412
-458.012915
-450.112101
-442.347577
-434.716994
-427.218039
-419.848442
-412.605973
-405.488437
-398.493681
-391.619585
-384.864069
-378.225087
-371.700629
-365.288719
-358.987415
-352.794811
-346.709030
-340.728230
-334.850600
-329.074360
-323.397761
-317.819085
-312.336642
-306.948773
-301.653845
-296.450256
-291.336429
-286.310818
-281.371899
-276.518177
-271.748183
-267.060472
-262.453626
-257.926248
-253.476968
-249.104440
-244.807338
-240.584362
-236.434234
-232.355696
-228.347513
-224.408473
-220.537382
-216.733067
-212.994378
-209.320183
-205.709367
-202.160839
-198.673524
-195.246366
-191.878327
-188.568387
-185.315544
-182.118814
-178.977228
-175.889834
-172.855699
-169.873904
-166.943545
-164.063735
-161.233602
-158.452290
-155.718956
-153.032773
-150.392927
-147.798618
-145.249062
-142.743487
-140.281133
-137.861255
-135.483120
-133.146009
-130.849213
-128.592038
-126.373799
-124.193826
-122.051457
-119.946045
-117.876951
-115.843550
-113.845225
-111.881372
-109.951396
-108.054712
-106.190746
-104.358934
-102.558722
-100.789563
-99.050922
-97.342274
-95.663100
-94.012892
-92.391151
-90.797384
-89.231111
-87.691856
-86.179154
-84.692546
-83.231582
-81.795821
-80.384826
-78.998172
-77.635437
-76.296210
-74.980085
-73.686663
-72.415553
-71.166370
-69.938736
-68.732278
-67.546633
-66.381439
-65.236346
-64.111006
-63.005078
-61.918227
-60.850125
-59.800448
-58.768878
-57.755103
-56.758816
-55.779715
-54.817503
-53.871890
-52.942589
-52.029319
-51.131802
-50.249768
-49.382949
-48.531083
-47.693912
-46.871183
-46.062645
-45.268055
-44.487172
-43.719759
-42.965584
-42.224419
-41.496039
-40.780224
-40.076757
-39.385424
-38.706018
-38.038331
-37.382162
-36.737312
-36.103586
-35.480792
-34.868741
-34.267248
-33.676131
-33.095211
-32.524311
-31.963260
-31.411888
-30.870026
-30.337512
-29.814183
-29.299883
-28.794454
-28.297743
-27.809601
-27.329880
-26.858434
-26.395121
-25.939799
-25.492332
-25.052584
-24.620422
-24.195715
-23.778334
-23.368153
-22.965047
-22.568895
-22.179577
-21.796975
-21.420973
-21.051456
-20.688314
-20.331437
-19.980715
-19.636044
-19.297318
-18.964435
-18.637295
-18.315798
-17.999846
-17.689345
-17.384200
-17.084319
-16.789611
-16.499987
-16.215359
-15.935641
-15.660747
-15.390596
-15.125105
-14.864194
-14.607784
-14.355796
-14.108156
-13.864787
-13.625617
-13.390572
-13.159582
-12.932577
-12.709487
-12.490246
-12.274786
-12.063044
-11.854954
-11.650453
-11.449481
-11.251975
-11.057876
-10.867125
-10.679665
-10.495438
-10.314390
-10.136465
-9.961608
-9.789769
-9.620893
-9.454931
-9.291831
-9.131545
-8.974024
-8.819220
-8.667087
-8.517578
-8.370648
-8.226252
-8.084348
-7.944891
-7.807840
-7.673153
-7.540790
-7.410710
-7.282873
-7.157242
-7.033778
