-252.238896
-269.014812
-295.068453
-324.801889
-354.260208
-380.848893
-403.053531
-420.180127
-432.126773
-439.191658
-441.918296
-440.975998
-437.071893
-430.889895
-423.051733
-414.095275
-404.465842
-394.516721
-384.515775
-374.655642
-365.065638
-355.823972
-346.969342
-338.511338
-330.439330
-322.729763
-315.351881
-308.272030
-301.456714
-294.874625
-288.497843
-282.302410
-276.268445
-270.379949
-264.624411
-258.992320
-253.476632
-248.072259
-242.775596
-237.584113
-232.496006
-227.509931
-222.624788
-217.839573
-213.153268
-208.564780
-204.072902
-199.676302
-195.373525
-191.163006
-187.043087
-183.012043
-179.068099
-175.209452
-171.434290
-167.740805
-164.127206
-160.591728
-157.132638
-153.748243
-150.436887
-147.196954
-144.026874
-140.925112
-137.890176
-134.920610
-132.014996
-129.171947
-126.390114
-123.668175
-121.004840
-118.398850
-115.848969
-113.353993
-110.912740
-108.524056
-106.186810
-103.899897
-101.662234
-99.472761
-97.330440
-95.234258
-93.183221
-91.176356
-89.212713
-87.291361
-85.411389
-83.571906
-81.772039
-80.010936
-78.287761
-76.601697
-74.951946
-73.337725
-71.758269
-70.212829
-68.700672
-67.221082
-65.773358
-64.356812
-62.970774
-61.614587
-60.287607
-58.989206
-57.718768
-56.475690
-55.259385
-54.069275
-52.904795
-51.765395
-50.650533
-49.559682
-48.492324
-47.447954
-46.426075
-45.426205
-44.447868
-43.490601
-42.553951
-41.637473
-40.740733
-39.863306
-39.004776
-38.164735
-37.342787
-36.538540
-35.751614
-34.981636
-34.228241
-33.491071
-32.769778
-32.064019
-31.373459
-30.697772
-30.036637
-29.389741
-28.756777
-28.137445
-27.531451
-26.938508
-26.358336
-25.790658
-25.235207
-24.691718
-24.159934
-23.639602
-23.130478
-22.632318
-22.144886
-21.667953
-21.201291
-20.744680
-20.297902
-19.860747
-19.433006
-19.014478
-18.604963
-18.204269
-17.812203
-17.428582
-17.053223
-16.685947
-16.326582
-15.974956
-15.630903
-15.294260
-14.964868
-14.642569
-14.327211
-14.018646
-13.716726
-13.421308
-13.132253
-12.849423
-12.572684
-12.301905
-12.036959
-11.777718
-11.524060
-11.275866
-11.033017
-10.795398
-10.562896
-10.335402
-10.112808
-9.895007
-9.681898
-9.473378
-9.269349
-9.069714
-8.874378
-8.683250
-8.496238
-8.313253
-8.134209
-7.959022
-7.787607
-7.619885
-7.455774
-7.295198
-7.138080
-6.984346
-6.833923
-6.686740
-6.542727
-6.401815
-6.263938
-6.129030
-5.997028
-5.867869
-5.741492
-5.617836
-5.496844
-5.378457
-5.262620
-5.149278
-5.038377
-4.929864
-4.823689
-4.719800
-4.618149
-4.518687
-4.421367
-4.326143
-4.232969
-4.141803
-4.052600
-3.965318
-3.879916
-3.796353
-3.714590
-3.634588
-3.556309
-3.479716
-3.404772
-3.331443
-3.259692
-3.189487
-3.120794
-3.053581
-2.987815
-2.923466
-2.860502
-2.798895
-2.738614
-2.679631
-2.621919
-2.565450
-2.510197
-2.456134
-2.403236
-2.351476
-2.300832
-2.251278
-2.202792
-2.155349
-2.108929
-2.063508
-2.019065
-1.975580
-1.933031
-1.891399
-1.850663
-1.810805
-1.771805
-1.733645
-1.696306
-1.659772
-1.624025
-1.589048
-1.554824
-1.521337
-1.488571
-1.456511
-1.425142
-1.394448
-1.364415
-1.335029
-1.306276
-1.278142
-1.250614
-1.223679
-1.197324
-1.171537
-1.146305
-1.121616
-1.097460
-1.073823
-1.050696
-1.028066
-1.005924
-0.984259
-0.963061
-0.942319
-0.922024
-0.902166
-0.882735
-0.863723
-0.845121
-0.826919
