-251.789303
-268.826959
-295.229221
-325.285302
-354.977810
-381.687704
-403.902315
-420.945581
-432.741648
-439.616901
-442.141107
-441.005457
-436.933434
-430.619602
-422.691081
-413.686729
-404.049461
-394.127807
-384.183476
-374.402373
-364.907130
-355.769790
-347.023702
-338.674073
-330.706906
-323.096245
-315.809809
-308.813156
-302.072595
-295.557069
-289.239219
-283.095839
-277.107895
-271.260249
-265.541217
-259.942034
-254.456308
-249.079495
-243.808427
-238.640909
-233.575388
-228.610693
-223.745839
-218.979888
-214.311857
-209.740662
-205.265094
-200.883811
-196.595347
-192.398126
-188.290488
-184.270709
-180.337022
-176.487639
-172.720767
-169.034623
-165.427445
-161.897499
-158.443086
-155.062545
-151.754254
-148.516635
-145.348148
-142.247292
-139.212607
-136.242666
-133.336080
-130.491491
-127.707574
-124.983035
-122.316606
-119.707051
-117.153156
-114.653738
-112.207637
-109.813715
-107.470863
-105.177992
-102.934037
-100.737955
-98.588726
-96.485350
-94.426849
-92.412266
-90.440664
-88.511127
-86.622756
-84.774673
-82.966020
-81.195953
-79.463651
-77.768307
-76.109132
-74.485356
-72.896223
-71.340993
-69.818943
-68.329366
-66.871569
-65.444873
-64.048616
-62.682147
-61.344831
-60.036047
-58.755185
-57.501650
-56.274858
-55.074240
-53.899237
-52.749303
-51.623901
-50.522510
-49.444617
-48.389721
-47.357330
-46.346965
-45.358156
-44.390443
-43.443376
-42.516515
-41.609428
-40.721693
-39.852898
-39.002639
-38.170520
-37.356153
-36.559161
-35.779173
-35.015826
-34.268764
-33.537641
-32.822117
-32.121858
-31.436538
-30.765840
-30.109451
-29.467067
-28.838387
-28.223120
-27.620980
-27.031686
-26.454965
-25.890548
-25.338173
-24.797582
-24.268525
-23.750756
-23.244033
-22.748121
-22.262789
-21.787811
-21.322967
-20.868041
-20.422820
-19.987098
-19.560672
-19.143344
-18.734920
-18.335209
-17.944026
-17.561189
-17.186520
-16.819844
-16.460991
-16.109795
-15.766091
-15.429720
-15.100525
-14.778354
-14.463056
-14.154485
-13.852498
-13.556953
-13.267714
-12.984646
-12.707617
-12.436498
-12.171164
-11.911491
-11.657357
-11.408646
-11.165241
-10.927029
-10.693899
-10.465743
-10.242455
-10.023930
-9.810068
-9.600769
-9.395935
-9.195471
-8.999284
-8.807282
-8.619377
-8.435481
-8.255509
-8.079376
-7.907001
-7.738303
-7.573205
-7.411629
-7.253500
-7.098745
-6.947292
-6.799070
-6.654010
-6.512046
-6.373110
-6.237138
-6.104067
-5.973835
-5.846382
-5.721648
-5.599575
-5.480107
-5.363187
-5.248762
-5.136779
-5.027184
-4.919928
-4.814960
-4.712231
-4.611694
-4.513302
-4.417010
-4.322772
-4.230544
-4.140284
-4.051950
-3.965500
-3.880895
-3.798095
-3.717061
-3.637757
-3.560144
-3.484187
-3.409851
-3.337101
-3.265902
-3.196223
-3.128031
-3.061293
-2.995979
-2.932059
-2.869503
-2.808281
-2.748365
-2.689728
-2.632341
-2.576179
-2.521216
-2.467424
-2.414781
-2.363261
-2.312840
-2.263494
-2.215202
-2.167939
-2.121686
-2.076419
-2.032117
-1.988761
-1.946330
-1.904804
-1.864165
-1.824392
-1.785468
-1.747374
-1.710093
-1.673607
-1.637900
-1.602955
-1.568755
-1.535285
-1.502529
-1.470472
-1.439099
-1.408395
-1.378346
-1.348938
-1.320158
-1.291992
-1.264427
-1.237449
-1.211048
-1.185210
-1.159922
-1.135175
-1.110955
-1.087253
-1.064056
-1.041353
-1.019136
-0.997392
-0.976112
-0.955286
-0.934904
-0.914958
-0.895437
-0.876332
