-251.343814
-268.641587
-295.388659
-325.761639
-355.681428
-382.505441
-404.723699
-421.678825
-433.321494
-440.006450
-442.329617
-441.003745
-436.768219
-430.327727
-422.314266
-413.267210
-403.626685
-393.736186
-383.851103
-374.150539
-364.750472
-355.716878
-347.077900
-338.834541
-330.969622
-323.454974
-316.256956
-309.340484
-302.671789
-296.220151
-289.958832
-283.865412
-277.921712
-272.113452
-266.429751
-260.862566
-255.406119
-250.056374
-244.810564
-239.666800
-234.623746
-229.680383
-224.835817
-220.089162
-215.439458
-210.885624
-206.426442
-202.060558
-197.786493
-193.602665
-189.507409
-185.499007
-181.575700
-177.735718
-173.977289
-170.298656
-166.698086
-163.173876
-159.724360
-156.347912
-153.042944
-149.807910
-146.641303
-143.541655
-140.507535
-137.537546
-134.630326
-131.784544
-128.998900
-126.272123
-123.602971
-120.990227
-118.432701
-115.929228
-113.478667
-111.079902
-108.731840
-106.433410
-104.183564
-101.981276
-99.825541
-97.715374
-95.649814
-93.627917
-91.648760
-89.711441
-87.815073
-85.958792
-84.141750
-82.363118
-80.622084
-78.917852
-77.249645
-75.616701
-74.018275
-72.453637
-70.922073
-69.422884
-67.955386
-66.518907
-65.112794
-63.736404
-62.389108
-61.070292
-59.779354
-58.515704
-57.278766
-56.067974
-54.882777
-53.722633
-52.587013
-51.475398
-50.387280
-49.322164
-48.279563
-47.259000
-46.260011
-45.282139
-44.324938
-43.387970
-42.470809
-41.573034
-40.694238
-39.834018
-38.991981
-38.167744
-37.360930
-36.571171
-35.798106
-35.041383
-34.300656
-33.575586
-32.865844
-32.171104
-31.491050
-30.825371
-30.173764
-29.535931
-28.911581
-28.300428
-27.702195
-27.116607
-26.543397
-25.982305
-25.433073
-24.895451
-24.369194
-23.854061
-23.349817
-22.856232
-22.373081
-21.900143
-21.437202
-20.984047
-20.540471
-20.106272
-19.681251
-19.265214
-18.857972
-18.459338
-18.069131
-17.687172
-17.313288
-16.947307
-16.589062
-16.238390
-15.895130
-15.559127
-15.230226
-14.908278
-14.593135
-14.284654
-13.982694
-13.687117
-13.397788
-13.114575
-12.837349
-12.565983
-12.300353
-12.040339
-11.785820
-11.536682
-11.292810
-11.054094
-10.820423
-10.591692
-10.367797
-10.148634
-9.934103
-9.724108
-9.518552
-9.317341
-9.120383
-8.927589
-8.738870
-8.554140
-8.373315
-8.196313
-8.023052
-7.853454
-7.687441
-7.524937
-7.365869
-7.210163
-7.057748
-6.908555
-6.762516
-6.619564
-6.479634
-6.342661
-6.208585
-6.077342
-5.948874
-5.823121
-5.700026
-5.579534
-5.461589
-5.346137
-5.233125
-5.122503
-5.014218
-4.908223
-4.804469
-4.702907
-4.603493
-4.506180
-4.410924
-4.317682
-4.226410
-4.137069
-4.049615
-3.964011
-3.880216
-3.798192
-3.717902
-3.639309
-3.562378
-3.487073
-3.413360
-3.341205
-3.270575
-3.201439
-3.133763
-3.067519
-3.002674
-2.939201
-2.877069
-2.816251
-2.756718
-2.698444
-2.641401
-2.585565
-2.530908
-2.477407
-2.425037
-2.373774
-2.323595
-2.274477
-2.226396
-2.179332
-2.133263
-2.088168
-2.044026
-2.000818
-1.958522
-1.917121
-1.876595
-1.836925
-1.798094
-1.760084
-1.722878
-1.686458
-1.650807
-1.615911
-1.581752
-1.548315
-1.515585
-1.483547
-1.452186
-1.421488
-1.391439
-1.362026
-1.333233
-1.305050
-1.277463
-1.250458
-1.224024
-1.198150
-1.172822
-1.148029
-1.123761
-1.100006
-1.076752
-1.053991
-1.031710
-1.009901
-0.988552
-0.967655
-0.947200
-0.927177
