-250.464784
-268.278011
-295.703508
-326.693501
-357.047785
-384.079600
-406.287131
-423.052541
-434.380877
-440.684023
-442.609827
-440.913167
-436.363844
-429.685246
-421.517591
-412.399934
-402.765743
-392.947683
-383.188071
-373.652283
-364.443113
-355.614730
-347.185328
-339.148036
-331.479865
-324.148751
-317.118812
-310.354083
-303.820954
-297.489612
-291.334706
-285.335459
-279.475419
-273.741984
-268.125812
-262.620206
-257.220518
-251.923621
-246.727450
-241.630631
-236.632188
-231.731332
-226.927305
-222.219284
-217.606324
-213.087332
-208.661064
-204.326137
-200.081050
-195.924208
-191.853946
-187.868558
-183.966313
-180.145478
-176.404328
-172.741161
-169.154303
-165.642116
-162.203000
-158.835394
-155.537777
-152.308665
-149.146616
-146.050220
-143.018104
-140.048927
-137.141377
-134.294176
-131.506070
-128.775834
-126.102269
-123.484200
-120.920478
-118.409977
-115.951593
-113.544246
-111.186877
-108.878451
-106.617950
-104.404381
-102.236770
-100.114163
-98.035624
-96.000240
-94.007115
-92.055370
-90.144147
-88.272604
-86.439918
-84.645281
-82.887904
-81.167012
-79.481849
-77.831673
-76.215757
-74.633390
-73.083875
-71.566530
-70.080688
-68.625695
-67.200909
-65.805704
-64.439465
-63.101592
-61.791496
-60.508599
-59.252336
-58.022156
-56.817517
-55.637887
-54.482749
-53.351593
-52.243922
-51.159248
-50.097093
-49.056991
-48.038482
-47.041120
-46.064464
-45.108085
-44.171563
-43.254484
-42.356445
-41.477051
-40.615914
-39.772656
-38.946906
-38.138299
-37.346481
-36.571102
-35.811821
-35.068304
-34.340223
-33.627259
-32.929097
-32.245430
-31.575957
-30.920384
-30.278421
-29.649787
-29.034204
-28.431402
-27.841114
-27.263082
-26.697052
-26.142772
-25.600001
-25.068498
-24.548031
-24.038369
-23.539288
-23.050570
-22.571998
-22.103362
-21.644455
-21.195077
-20.755028
-20.324115
-19.902149
-19.488944
-19.084317
-18.688091
-18.300092
-17.920148
-17.548092
-17.183761
-16.826994
-16.477634
-16.135528
-15.800524
-15.472475
-15.151238
-14.836669
-14.528632
-14.226990
-13.931611
-13.642365
-13.359123
-13.081762
-12.810160
-12.544197
-12.283755
-12.028721
-11.778982
-11.534428
-11.294951
-11.060446
-10.830810
-10.605942
-10.385742
-10.170114
-9.958963
-9.752195
-9.549721
-9.351450
-9.157296
-8.967172
-8.780997
-8.598686
-8.420160
-8.245341
-8.074152
-7.906517
-7.742362
-7.581615
-7.424206
-7.270065
-7.119124
-6.971317
-6.826579
-6.684845
-6.546055
-6.410146
-6.277058
-6.146734
-6.019116
-5.894147
-5.771772
-5.651939
-5.534593
-5.419684
-5.307160
-5.196973
-5.089073
-4.983414
-4.879948
-4.778631
-4.679417
-4.582262
-4.487125
-4.393964
-4.302736
-4.213402
-4.125924
-4.040261
-3.956377
-3.874234
-3.793797
-3.715030
-3.637899
-3.562368
-3.488406
-3.415980
-3.345057
-3.275607
-3.207598
-3.141002
-3.075788
-3.011928
-2.949394
-2.888159
-2.828195
-2.769475
-2.711975
-2.655669
-2.600532
-2.546539
-2.493668
-2.441894
-2.391195
-2.341549
-2.292933
-2.245327
-2.198709
-2.153060
-2.108358
-2.064584
-2.021718
-1.979743
-1.938640
-1.898389
-1.858975
-1.820378
-1.782583
-1.745573
-1.709331
-1.673842
-1.639089
-1.605058
-1.571734
-1.539101
-1.507146
-1.475854
-1.445213
-1.415207
-1.385824
-1.357051
-1.328876
-1.301286
-1.274268
-1.247811
-1.221904
-1.196535
-1.171692
-1.147365
-1.123543
-1.100216
-1.077373
-1.055005
-1.033100
