-250.031071
-268.099676
-295.858906
-327.149225
-357.711038
-384.836939
-407.030552
-423.694854
-434.862688
-440.974676
-442.704399
-440.827281
-436.127631
-429.337416
-421.100222
-411.954295
-402.329269
-392.552048
-382.858231
-373.406294
-364.292530
-355.565378
-347.238300
-339.300751
-331.727113
-324.483628
-317.533520
-310.840567
-304.371383
-298.096707
-291.991941
-286.037157
-280.216762
-274.518969
-268.935166
-263.459281
-258.087182
-252.816144
-247.644405
-242.570805
-237.594513
-232.714826
-227.931030
-223.242319
-218.647743
-214.146196
-209.736418
-205.417013
-201.186467
-197.043182
-192.985498
-189.011717
-185.120124
-181.309006
-177.576665
-173.921425
-170.341646
-166.835719
-163.402078
-160.039193
-156.745574
-153.519770
-150.360367
-147.265984
-144.235274
-141.266923
-138.359645
-135.512183
-132.723307
-129.991814
-127.316524
-124.696284
-122.129962
-119.616452
-117.154668
-114.743546
-112.382046
-110.069146
-107.803847
-105.585169
-103.412154
-101.283862
-99.199371
-97.157781
-95.158209
-93.199789
-91.281676
-89.403038
-87.563064
-85.760957
-83.995940
-82.267247
-80.574131
-78.915861
-77.291719
-75.701003
-74.143025
-72.617111
-71.122600
-69.658848
-68.225221
-66.821098
-65.445873
-64.098951
-62.779749
-61.487698
-60.222237
-58.982821
-57.768912
-56.579987
-55.415530
-54.275038
-53.158019
-52.063988
-50.992473
-49.943011
-48.915147
-47.908438
-46.922447
-45.956748
-45.010924
-44.084566
-43.177272
-42.288652
-41.418320
-40.565899
-39.731022
-38.913328
-38.112462
-37.328078
-36.559838
-35.807408
-35.070464
-34.348687
-33.641764
-32.949391
-32.271267
-31.607099
-30.956600
-30.319489
-29.695490
-29.084333
-28.485754
-27.899495
-27.325301
-26.762924
-26.212122
-25.672655
-25.144291
-24.626801
-24.119962
-23.623553
-23.137361
-22.661175
-22.194790
-21.738002
-21.290616
-20.852438
-20.423277
-20.002949
-19.591272
-19.188067
-18.793160
-18.406381
-18.027562
-17.656540
-17.293153
-16.937245
-16.588662
-16.247253
-15.912871
-15.585370
-15.264610
-14.950451
-14.642758
-14.341397
-14.046238
-13.757155
-13.474020
-13.196713
-12.925113
-12.659103
-12.398567
-12.143394
-11.893472
-11.648693
-11.408953
-11.174146
-10.944172
-10.718931
-10.498326
-10.282261
-10.070642
-9.863379
-9.660382
-9.461562
-9.266835
-9.076115
-8.889320
-8.706369
-8.527184
-8.351687
-8.179801
-8.011453
-7.846570
-7.685080
-7.526914
-7.372003
-7.220280
-7.071680
-6.926138
-6.783591
-6.643979
-6.507239
-6.373314
-6.242145
-6.113675
-5.987850
-5.864614
-5.743915
-5.625699
-5.509917
-5.396517
-5.285452
-5.176672
-5.070131
-4.965783
-4.863582
-4.763485
-4.665447
-4.569428
-4.475384
-4.383276
-4.293064
-4.204708
-4.118171
-4.033415
-3.950403
-3.869100
-3.789470
-3.711479
-3.635093
-3.560279
-3.487005
-3.415238
-3.344949
-3.276107
-3.208681
-3.142643
-3.077964
-3.014616
-2.952572
-2.891805
-2.832289
-2.773997
-2.716906
-2.660989
-2.606223
-2.552584
-2.500049
-2.448595
-2.398201
-2.348843
-2.300501
-2.253155
-2.206782
-2.161364
-2.116881
-2.073313
-2.030642
-1.988849
-1.947917
-1.907826
-1.868561
-1.830104
-1.792439
-1.755548
-1.719417
-1.684029
-1.649370
-1.615424
-1.582177
-1.549614
-1.517721
-1.486485
-1.455891
-1.425927
-1.396580
-1.367837
-1.339685
-1.312113
-1.285108
-1.258659
-1.232755
-1.207383
-1.182534
-1.158196
-1.134359
-1.111012
-1.088147
