-248.752161
-267.577740
-296.316926
-328.476729
-359.624051
-386.995210
-409.115407
-425.453979
-436.129342
-441.668741
-442.821868
-440.423585
-435.298901
-428.202499
-419.785211
-410.580440
-401.004482
-391.365786
-381.879253
-372.682681
-363.853319
-355.423217
-347.392609
-339.741004
-332.435932
-325.439509
-318.713096
-312.220355
-305.929050
-299.811893
-293.846708
-288.016153
-282.307161
-276.710259
-271.218859
-265.828569
-260.536599
-255.341242
-250.241472
-245.236626
-240.326181
-235.509597
-230.786224
-226.155252
-221.615692
-217.166386
-212.806021
-208.533160
-204.346269
-200.243749
-196.223959
-192.285242
-188.425940
-184.644410
-180.939033
-177.308223
-173.750428
-170.264136
-166.847871
-163.500198
-160.219716
-157.005060
-153.854898
-150.767929
-147.742882
-144.778514
-141.873609
-139.026974
-136.237444
-133.503875
-130.825146
-128.200160
-125.627840
-123.107130
-120.636997
-118.216426
-115.844424
-113.520015
-111.242246
-109.010181
-106.822903
-104.679512
-102.579129
-100.520890
-98.503949
-96.527478
-94.590665
-92.692714
-90.832845
-89.010293
-87.224311
-85.474165
-83.759134
-82.078516
-80.431618
-78.817765
-77.236294
-75.686555
-74.167911
-72.679739
-71.221426
-69.792374
-68.391995
-67.019716
-65.674970
-64.357207
-63.065884
-61.800472
-60.560450
-59.345308
-58.154549
-56.987682
-55.844227
-54.723716
-53.625688
-52.549692
-51.495285
-50.462035
-49.449517
-48.457315
-47.485021
-46.532237
-45.598569
-44.683636
-43.787061
-42.908475
-42.047518
-41.203836
-40.377083
-39.566918
-38.773009
-37.995029
-37.232660
-36.485588
-35.753505
-35.036112
-34.333113
-33.644220
-32.969149
-32.307623
-31.659371
-31.024126
-30.401628
-29.791619
-29.193850
-28.608076
-28.034055
-27.471551
-26.920335
-26.380178
-25.850860
-25.332162
-24.823872
-24.325781
-23.837683
-23.359380
-22.890674
-22.431372
-21.981286
-21.540231
-21.108026
-20.684492
-20.269457
-19.862750
-19.464203
-19.073654
-18.690940
-18.315906
-17.948396
-17.588261
-17.235352
-16.889524
-16.550635
-16.218545
-15.893119
-15.574223
-15.261725
-14.955498
-14.655415
-14.361353
-14.073192
-13.790812
-13.514099
-13.242938
-12.977217
-12.716828
-12.461664
-12.211620
-11.966593
-11.726482
-11.491189
-11.260618
-11.034673
-10.813261
-10.596292
-10.383676
-10.175327
-9.971158
-9.771086
-9.575028
-9.382904
-9.194635
-9.010144
-8.829355
-8.652193
-8.478585
-8.308462
-8.141751
-7.978386
-7.818299
-7.661424
-7.507697
-7.357054
-7.209434
-7.064775
-6.923020
-6.784109
-6.647985
-6.514592
-6.383876
-6.255782
-6.130259
-6.007255
-5.886718
-5.768600
-5.652853
-5.539427
-5.428278
-5.319359
-5.212625
-5.108033
-5.005539
-4.905102
-4.806681
-4.710234
-4.615722
-4.523107
-4.432350
-4.343414
-4.256263
-4.170860
-4.087171
-4.005162
-3.924797
-3.846046
-3.768874
-3.693251
-3.619145
-3.546526
-3.475364
-3.405631
-3.337296
-3.270332
-3.204713
-3.140409
-3.077397
-3.015648
-2.955138
-2.895843
-2.837737
-2.780797
-2.725000
-2.670322
-2.616742
-2.564236
-2.512784
-2.462365
-2.412957
-2.364540
-2.317095
-2.270602
-2.225042
-2.180396
-2.136646
-2.093774
-2.051762
-2.010593
-1.970250
-1.930716
-1.891976
-1.854013
-1.816812
-1.780357
-1.744633
-1.709627
-1.675323
-1.641707
-1.608766
-1.576485
-1.544853
-1.513855
-1.483479
-1.453713
-1.424544
-1.395960
-1.367949
-1.340501
-1.313604
-1.287246
-1.261417
