-247.917317
-267.240102
-296.615420
-329.329598
-360.837763
-388.343362
-410.390201
-426.494930
-436.834619
-441.994418
-442.773704
-440.045062
-434.658266
-427.380680
-418.865694
-409.641607
-400.114458
-390.579570
-381.237736
-372.213101
-363.570690
-355.332330
-347.490271
-340.018255
-332.880074
-326.035832
-319.446260
-313.075414
-306.892158
-300.870714
-294.990613
-289.236225
-283.596091
-278.062162
-272.629044
-267.293308
-262.052898
-256.906641
-251.853872
-246.894155
-242.027084
-237.252168
-232.568753
-227.976000
-223.472878
-219.058189
-214.730586
-210.488614
-206.330733
-202.255353
-198.260857
-194.345620
-190.508030
-186.746494
-183.059449
-179.445366
-175.902756
-172.430164
-169.026175
-165.689409
-162.418521
-159.212199
-156.069162
-152.988156
-149.967956
-147.007363
-144.105202
-141.260322
-138.471595
-135.737915
-133.058197
-130.431378
-127.856414
-125.332284
-122.857985
-120.432532
-118.054964
-115.724333
-113.439714
-111.200199
-109.004896
-106.852933
-104.743454
-102.675620
-100.648609
-98.661615
-96.713849
-94.804534
-92.932914
-91.098242
-89.299790
-87.536843
-85.808699
-84.114672
-82.454088
-80.826288
-79.230623
-77.666459
-76.133175
-74.630160
-73.156818
-71.712562
-70.296819
-68.909025
-67.548628
-66.215089
-64.907876
-63.626469
-62.370360
-61.139049
-59.932046
-58.748872
-57.589056
-56.452136
-55.337662
-54.245189
-53.174284
-52.124521
-51.095481
-50.086757
-49.097947
-48.128658
-47.178505
-46.247109
-45.334101
-44.439117
-43.561802
-42.701807
-41.858790
-41.032416
-40.222355
-39.428287
-38.649895
-37.886870
-37.138909
-36.405714
-35.686993
-34.982462
-34.291839
-33.614850
-32.951227
-32.300704
-31.663025
-31.037934
-30.425183
-29.824530
-29.235735
-28.658563
-28.092786
-27.538179
-26.994520
-26.461594
-25.939190
-25.427098
-24.925117
-24.433045
-23.950688
-23.477853
-23.014354
-22.560004
-22.114624
-21.678037
-21.250069
-20.830550
-20.419313
-20.016195
-19.621035
-19.233676
-18.853964
-18.481749
-18.116882
-17.759218
-17.408615
-17.064934
-16.728037
-16.397792
-16.074066
-15.756731
-15.445661
-15.140733
-14.841824
-14.548816
-14.261592
-13.980039
-13.704045
-13.433499
-13.168294
-12.908325
-12.653488
-12.403682
-12.158808
-11.918768
-11.683467
-11.452812
-11.226710
-11.005071
-10.787808
-10.574835
-10.366066
-10.161418
-9.960811
-9.764164
-9.571399
-9.382440
-9.197211
-9.015639
-8.837651
-8.663178
-8.492149
-8.324496
-8.160153
-7.999054
-7.841136
-7.686336
-7.534592
-7.385843
-7.240031
-7.097098
-6.956986
-6.819641
-6.685007
-6.553030
-6.423660
-6.296843
-6.172530
-6.050672
-5.931219
-5.814124
-5.699341
-5.586824
-5.476528
-5.368410
-5.262426
-5.158534
-5.056694
-4.956864
-4.859005
-4.763078
-4.669045
-4.576868
-4.486511
-4.397937
-4.311113
-4.226002
-4.142572
-4.060789
-3.980620
-3.902034
-3.824999
-3.749486
-3.675463
-3.602901
-3.531772
-3.462048
-3.393699
-3.326700
-3.261024
-3.196644
-3.133536
-3.071673
-3.011032
-2.951587
-2.893317
-2.836196
-2.780204
-2.725316
-2.671513
-2.618771
-2.567071
-2.516391
-2.466712
-2.418014
-2.370277
-2.323483
-2.277612
-2.232647
-2.188570
-2.145363
-2.103008
-2.061490
-2.020792
-1.980897
-1.941790
-1.903455
-1.865876
-1.829040
-1.792931
-1.757534
-1.722837
-1.688824
-1.655483
-1.622800
-1.590762
-1.559357
-1.528572
-1.498395
-1.468813
-1.439815
-1.411390
-1.383526
