-247.505009
-267.074219
-296.762603
-329.746659
-361.426797
-388.991396
-410.994786
-426.978136
-437.148266
-442.119272
-442.715019
-439.826363
-434.314748
-426.953160
-418.395621
-409.167355
-399.668909
-390.188841
-380.920839
-371.982290
-363.432270
-355.287716
-347.537136
-340.151643
-333.093393
-326.321691
-319.797112
-313.484034
-307.351947
-301.375876
-295.536213
-289.818173
-284.211074
-278.707534
-273.302712
-267.993615
-262.778507
-257.656445
-252.626909
-247.689549
-242.844001
-238.089778
-233.426217
-228.852459
-224.367451
-219.969974
-215.658667
-211.432067
-207.288635
-203.226787
-199.244922
-195.341433
-191.514730
-187.763248
-184.085452
-180.479842
-176.944957
-173.479372
-170.081700
-166.750588
-163.484718
-160.282802
-157.143583
-154.065830
-151.048340
-148.089934
-145.189457
-142.345778
-139.557786
-136.824394
-134.144533
-131.517158
-128.941241
-126.415775
-123.939773
-121.512267
-119.132307
-116.798962
-114.511318
-112.268482
-110.069574
-107.913734
-105.800120
-103.727903
-101.696273
-99.704435
-97.751609
-95.837031
-93.959952
-92.119638
-90.315369
-88.546438
-86.812153
-85.111836
-83.444822
-81.810458
-80.208105
-78.637136
-77.096935
-75.586902
-74.106444
-72.654982
-71.231949
-69.836787
-68.468952
-67.127907
-65.813127
-64.524100
-63.260319
-62.021290
-60.806530
-59.615562
-58.447920
-57.303148
-56.180798
-55.080430
-54.001614
-52.943928
-51.906957
-50.890297
-49.893550
-48.916325
-47.958240
-47.018920
-46.097997
-45.195112
-44.309912
-43.442048
-42.591183
-41.756983
-40.939122
-40.137279
-39.351142
-38.580402
-37.824758
-37.083914
-36.357580
-35.645472
-34.947312
-34.262826
-33.591746
-32.933810
-32.288761
-31.656346
-31.036317
-30.428433
-29.832454
-29.248149
-28.675287
-28.113646
-27.563006
-27.023150
-26.493868
-25.974952
-25.466200
-24.967413
-24.478395
-23.998955
-23.528905
-23.068062
-22.616245
-22.173277
-21.738986
-21.313200
-20.895754
-20.486485
-20.085231
-19.691836
-19.306147
-18.928011
-18.557282
-18.193814
-17.837465
-17.488095
-17.145569
-16.809751
-16.480510
-16.157718
-15.841249
-15.530978
-15.226783
-14.928547
-14.636152
-14.349484
-14.068431
-13.792883
-13.522731
-13.257871
-12.998198
-12.743612
-12.494012
-12.249300
-12.009382
-11.774162
-11.543550
-11.317454
-11.095787
-10.878462
-10.665393
-10.456497
-10.251693
-10.050900
-9.854040
-9.661035
-9.471811
-9.286293
-9.104409
-8.926087
-8.751258
-8.579853
-8.411805
-8.247048
-8.085519
-7.927153
-7.771889
-7.619667
-7.470425
-7.324107
-7.180655
-7.040012
-6.902124
-6.766936
-6.634397
-6.504453
-6.377055
-6.252151
-6.129695
-6.009636
-5.891929
-5.776528
-5.663387
-5.552462
-5.443709
-5.337087
-5.232552
-5.130066
-5.029586
-4.931075
-4.834493
-4.739803
-4.646968
-4.555950
-4.466716
-4.379229
-4.293456
-4.209362
-4.126916
-4.046085
-3.966837
-3.889141
-3.812967
-3.738284
-3.665065
-3.593279
-3.522900
-3.453899
-3.386250
-3.319925
-3.254900
-3.191148
-3.128645
-3.067366
-3.007287
-2.948385
-2.890637
-2.834020
-2.778512
-2.724091
-2.670735
-2.618425
-2.567140
-2.516859
-2.467562
-2.419232
-2.371848
-2.325392
-2.279846
-2.235191
-2.191412
-2.148490
-2.106409
-2.065152
-2.024703
-1.985046
-1.946166
-1.908048
-1.870676
-1.834036
-1.798114
-1.762895
-1.728366
-1.694514
-1.661324
-1.628785
-1.596883
-1.565605
-1.534941
-1.504877
-1.475401
-1.446504
