-639.618212
-785.571983
-954.116221
-1087.705426
-1170.125548
-1206.484652
-1209.757239
-1193.240462
-1167.275168
-1138.540648
-1110.606443
-1084.889764
-1061.562567
-1040.226360
-1020.331465
-1001.390260
-983.053355
-965.109826
-947.455155
-930.052896
-912.902597
-896.017829
-879.413624
-863.100822
-847.084671
-831.365554
-815.940455
-800.804394
-785.951515
-771.375774
-757.071300
-743.032524
-729.254189
-715.731301
-702.459066
-689.432838
-676.648084
-664.100357
-651.785286
-639.698576
-627.836000
-616.193408
-604.766720
-593.551932
-582.545114
-571.742408
-561.140027
-550.734258
-540.521452
-530.498032
-520.660487
-511.005368
-501.529293
-492.228943
-483.101058
-474.142440
-465.349951
-456.720510
-448.251092
-439.938732
-431.780515
-423.773585
-415.915134
-408.202411
-400.632712
-393.203386
-385.911829
-378.755486
-371.731851
-364.838461
-358.072903
-351.432805
-344.915840
-338.519726
-332.242222
-326.081127
-320.034284
-314.099573
-308.274916
-302.558270
-296.947635
-291.441042
-286.036564
-280.732306
-275.526410
-270.417053
-265.402443
-260.480824
-255.650471
-250.909693
-246.256827
-241.690244
-237.208344
-232.809555
-228.492338
-224.255180
-220.096595
-216.015127
-212.009345
-208.077847
-204.219254
-200.432215
-196.715402
-193.067515
-189.487273
-185.973424
-182.524735
-179.139999
-175.818029
-172.557662
-169.357755
-166.217187
-163.134857
-160.109686
-157.140614
-154.226601
-151.366625
-148.559684
-145.804795
-143.100992
-140.447329
-137.842876
-135.286719
-132.777964
-130.315731
-127.899157
-125.527397
-123.199618
-120.915006
-118.672759
-116.472093
-114.312236
-112.192431
-110.111936
-108.070021
-106.065972
-104.099086
-102.168673
-100.274059
-98.414577
-96.589579
-94.798422
-93.040481
-91.315140
-89.621793
-87.959847
-86.328720
-84.727842
-83.156649
-81.614593
-80.101133
-78.615738
-77.157889
-75.727074
-74.322791
-72.944550
-71.591867
-70.264268
-68.961288
-67.682471
-66.427368
-65.195539
-63.986554
-62.799987
-61.635425
-60.492458
-59.370686
-58.269717
-57.189164
-56.128648
-55.087799
-54.066251
-53.063647
-52.079635
-51.113871
-50.166016
-49.235738
-48.322710
-47.426614
-46.547136
-45.683966
-44.836803
-44.005349
-43.189314
-42.388412
-41.602362
-40.830888
-40.073720
-39.330593
-38.601247
-37.885426
-37.182879
-36.493359
-35.816627
-35.152444
-34.500577
-33.860798
-33.232884
-32.616613
-32.011771
-31.418145
-30.835527
-30.263713
-29.702503
-29.151700
-28.611111
-28.080547
-27.559821
-27.048752
-26.547160
-26.054870
-25.571708
-25.097507
-24.632099
-24.175321
-23.727014
-23.287020
-22.855186
-22.431359
-22.015392
-21.607139
-21.206456
-20.813204
-20.427244
-20.048441
-19.676663
-19.311779
-18.953661
-18.602185
-18.257226
-17.918664
-17.586380
-17.260259
-16.940184
-16.626046
-16.317732
-16.015136
-15.718152
-15.426674
-15.140602
-14.859835
-14.584274
-14.313823
-14.048388
-13.787874
-13.532192
-13.281251
-13.034964
-12.793243
-12.556005
-12.323167
-12.094646
-11.870363
-11.650239
-11.434197
-11.222161
-11.014057
-10.809813
-10.609356
-10.412616
-10.219524
-10.030013
-9.844017
-9.661469
-9.482307
-9.306467
-9.133888
-8.964509
-8.798271
-8.635116
-8.474987
-8.317826
-8.163581
-8.012195
-7.863617
-7.717794
-7.574675
-7.434211
-7.296351
-7.161047
-7.028253
-6.897921
-6.770006
-6.644463
-6.521248
-6.400318
-6.281630
-6.165144
-6.050817
-5.938611
-5.828485
-5.720402
-5.614323
-5.510211
-5.408029
-5.307743
-5.209316
-5.112714
-5.017904
-4.924852
