-637.699962
-784.852285
-954.048649
-1087.404136
-1169.012215
-1204.421384
-1206.929345
-1189.976608
-1163.902592
-1135.305537
-1107.651878
-1082.269698
-1059.270757
-1038.225608
-1018.575795
-999.838189
-981.673541
-963.881626
-946.366535
-929.097528
-912.077224
-895.320348
-878.841949
-862.652370
-846.756259
-831.153511
-815.840808
-800.813046
-786.064379
-771.588858
-757.380743
-743.434612
-729.745346
-716.308077
-703.118126
-690.170948
-677.462104
-664.987236
-652.742059
-640.722359
-628.923992
-617.342886
-605.975042
-594.816529
-583.863494
-573.112150
-562.558784
-552.199749
-542.031466
-532.050424
-522.253173
-512.636331
-503.196574
-493.930642
-484.835334
-475.907508
-467.144081
-458.542024
-450.098367
-441.810193
-433.674638
-425.688893
-417.850198
-410.155845
-402.603178
-395.189586
-387.912510
-380.769434
-373.757892
-366.875462
-360.119765
-353.488469
-346.979283
-340.589957
-334.318286
-328.162101
-322.119278
-316.187728
-310.365403
-304.650290
-299.040416
-293.533844
-288.128670
-282.823028
-277.615084
-272.503041
-267.485131
-262.559622
-257.724812
-252.979030
-248.320638
-243.748027
-239.259616
-234.853855
-230.529223
-226.284225
-222.117394
-218.027293
-214.012507
-210.071650
-206.203361
-202.406303
-198.679164
-195.020657
-191.429519
-187.904508
-184.444408
-181.048022
-177.714177
-174.441723
-171.229528
-168.076483
-164.981498
-161.943505
-158.961454
-156.034315
-153.161076
-150.340746
-147.572350
-144.854931
-142.187552
-139.569289
-136.999240
-134.476516
-132.000246
-129.569575
-127.183662
-124.841683
-122.542830
-120.286309
-118.071339
-115.897156
-113.763009
-111.668161
-109.611887
-107.593478
-105.612236
-103.667476
-101.758528
-99.884732
-98.045440
-96.240017
-94.467839
-92.728294
-91.020782
-89.344712
-87.699505
-86.084594
-84.499419
-82.943435
-81.416102
-79.916894
-78.445292
-77.000789
-75.582885
-74.191091
-72.824925
-71.483916
-70.167601
-68.875524
-67.607240
-66.362311
-65.140305
-63.940802
-62.763387
-61.607652
-60.473200
-59.359637
-58.266580
-57.193651
-56.140478
-55.106699
-54.091956
-53.095899
-52.118183
-51.158471
-50.216431
-49.291738
-48.384073
-47.493122
-46.618576
-45.760135
-44.917501
-44.090383
-43.278496
-42.481559
-41.699298
-40.931441
-40.177723
-39.437884
-38.711669
-37.998827
-37.299111
-36.612279
-35.938095
-35.276326
-34.626742
-33.989120
-33.363239
-32.748883
-32.145841
-31.553902
-30.972864
-30.402525
-29.842688
-29.293160
-28.753752
-28.224276
-27.704550
-27.194394
-26.693632
-26.202092
-25.719602
-25.245998
-24.781114
-24.324791
-23.876870
-23.437198
-23.005622
-22.581993
-22.166165
-21.757994
-21.357338
-20.964061
-20.578026
-20.199099
-19.827150
-19.462049
-19.103672
-18.751894
-18.406594
-18.067652
-17.734952
-17.408378
-17.087817
-16.773159
-16.464296
-16.161120
-15.863526
-15.571413
-15.284679
-15.003224
-14.726952
-14.455768
-14.189577
-13.928288
-13.671811
-13.420056
-13.172937
-12.930368
-12.692266
-12.458549
-12.229135
-12.003946
-11.782904
-11.565932
-11.352955
-11.143900
-10.938694
-10.737267
-10.539550
-10.345473
-10.154970
-9.967974
-9.784422
-9.604251
-9.427396
-9.253799
-9.083398
-8.916135
-8.751952
-8.590792
-8.432600
-8.277321
-8.124901
-7.975287
-7.828429
-7.684275
-7.542776
-7.403882
-7.267546
-7.133720
-7.002359
-6.873416
-6.746848
-6.622610
-6.500661
-6.380956
-6.263456
-6.148120
-6.034908
-5.923780
-5.814699
-5.707626
-5.602525
-5.499359
-5.398093
-5.298692
-5.201121
-5.105346
