-632.046085
-782.708948
-953.730942
-1086.284538
-1165.433251
-1198.048580
-1198.367179
-1180.219373
-1153.908136
-1125.772369
-1098.968288
-1074.565785
-1052.509134
-1032.288282
-1013.327280
-995.161231
-977.482662
-960.122557
-943.008904
-926.126001
-909.483954
-893.099799
-876.988017
-861.157255
-845.610402
-830.346043
-815.360127
-800.647317
-786.201891
-772.018217
-758.090961
-744.415112
-730.985938
-717.798918
-704.849681
-692.133966
-679.647592
-667.386450
-655.346493
-643.523742
-631.914282
-620.514266
-609.319916
-598.327519
-587.533432
-576.934075
-566.525934
-556.305562
-546.269568
-536.414629
-526.737476
-517.234904
-507.903762
-498.740957
-489.743454
-480.908270
-472.232476
-463.713197
-455.347609
-447.132941
-439.066468
-431.145519
-423.367466
-415.729733
-408.229788
-400.865145
-393.633364
-386.532047
-379.558841
-372.711434
-365.987558
-359.384983
-352.901522
-346.535025
-340.283382
-334.144522
-328.116409
-322.197046
-316.384471
-310.676757
-305.072013
-299.568381
-294.164037
-288.857190
-283.646080
-278.528981
-273.504197
-268.570062
-263.724941
-258.967228
-254.295346
-249.707747
-245.202911
-240.779343
-236.435579
-232.170178
-227.981726
-223.868836
-219.830145
-215.864313
-211.970027
-208.145995
-204.390950
-200.703648
-197.082866
-193.527405
-190.036086
-186.607752
-183.241267
-179.935514
-176.689399
-173.501845
-170.371796
-167.298214
-164.280081
-161.316396
-158.406178
-155.548461
-152.742299
-149.986761
-147.280934
-144.623921
-142.014842
-139.452832
-136.937042
-134.466638
-132.040801
-129.658727
-127.319626
-125.022725
-122.767260
-120.552485
-118.377665
-116.242080
-114.145022
-112.085795
-110.063718
-108.078121
-106.128344
-104.213742
-102.333680
-100.487536
-98.674696
-96.894561
-95.146541
-93.430056
-91.744536
-90.089424
-88.464172
-86.868239
-85.301098
-83.762228
-82.251121
-80.767275
-79.310197
-77.879407
-76.474428
-75.094795
-73.740052
-72.409749
-71.103445
-69.820708
-68.561112
-67.324239
-66.109680
-64.917032
-63.745900
-62.595896
-61.466639
-60.357753
-59.268873
-58.199636
-57.149689
-56.118683
-55.106278
-54.112136
-53.135929
-52.177334
-51.236031
-50.311711
-49.404065
-48.512794
-47.637602
-46.778198
-45.934299
-45.105624
-44.291899
-43.492853
-42.708223
-41.937748
-41.181172
-40.438246
-39.708722
-38.992359
-38.288919
-37.598170
-36.919883
-36.253832
-35.599796
-34.957560
-34.326910
-33.707638
-33.099537
-32.502407
-31.916049
-31.340269
-30.774877
-30.219684
-29.674508
-29.139167
-28.613483
-28.097283
-27.590396
-27.092653
-26.603889
-26.123943
-25.652656
-25.189870
-24.735434
-24.289196
-23.851008
-23.420725
-22.998205
-22.583307
-22.175894
-21.775831
-21.382985
-20.997227
-20.618428
-20.246462
-19.881207
-19.522541
-19.170346
-18.824504
-18.484902
-18.151426
-17.823966
-17.502414
-17.186662
-16.876607
-16.572146
-16.273177
-15.979602
-15.691322
-15.408244
-15.130272
-14.857315
-14.589283
-14.326086
-14.067637
-13.813850
-13.564642
-13.319930
-13.079633
-12.843670
-12.611965
-12.384439
-12.161018
-11.941628
-11.726196
-11.514650
-11.306921
-11.102939
-10.902637
-10.705948
-10.512808
-10.323152
-10.136918
-9.954044
-9.774468
-9.598132
-9.424978
-9.254947
-9.087984
-8.924032
-8.763039
-8.604950
-8.449712
-8.297276
-8.147589
-8.000603
-7.856269
-7.714538
-7.575364
-7.438701
-7.304504
-7.172727
-7.043328
-6.916263
-6.791491
-6.668969
-6.548658
-6.430517
-6.314508
-6.200591
-6.088730
-5.978886
-5.871025
-5.765109
-5.661104
