-630.194003
-781.999369
-953.587923
-1085.842709
-1164.165616
-1195.869022
-1195.492108
-1176.981959
-1150.619238
-1122.651598
-1096.131997
-1072.047519
-1050.290940
-1030.329234
-1011.583312
-993.595715
-976.069852
-958.846729
-941.861641
-925.103233
-908.583583
-892.320162
-876.327099
-860.612431
-845.178491
-830.023479
-815.143156
-800.532149
-786.184800
-772.095593
-758.259326
-744.671119
-731.326359
-718.220628
-705.349651
-692.709252
-680.295330
-668.103853
-656.130850
-644.372415
-632.824705
-621.483944
-610.346423
-599.408498
-588.666591
-578.117189
-567.756840
-557.582158
-547.589814
-537.776542
-528.139131
-518.674431
-509.379346
-500.250837
-491.285919
-482.481660
-473.835180
-465.343652
-457.004300
-448.814396
-440.771262
-432.872268
-425.114830
-417.496413
-410.014523
-402.666716
-395.450587
-388.363778
-381.403970
-374.568888
-367.856296
-361.263999
-354.789842
-348.431708
-342.187516
-336.055226
-330.032831
-324.118363
-318.309887
-312.605504
-307.003349
-301.501588
-296.098424
-290.792089
-285.580849
-280.462998
-275.436863
-270.500801
-265.653197
-260.892466
-256.217052
-251.625425
-247.116084
-242.687554
-238.338387
-234.067161
-229.872478
-225.752969
-221.707284
-217.734101
-213.832121
-210.000068
-206.236688
-202.540752
-198.911049
-195.346395
-191.845621
-188.407585
-185.031161
-181.715245
-178.458754
-175.260621
-172.119802
-169.035269
-166.006013
-163.031044
-160.109389
-157.240093
-154.422217
-151.654839
-148.937056
-146.267977
-143.646731
-141.072459
-138.544321
-136.061489
-133.623151
-131.228510
-128.876784
-126.567202
-124.299010
-122.071466
-119.883842
-117.735421
-115.625502
-113.553395
-111.518422
-109.519916
-107.557226
-105.629709
-103.736735
-101.877684
-100.051949
-98.258933
-96.498050
-94.768722
-93.070386
-91.402486
-89.764475
-88.155819
-86.575992
-85.024476
-83.500765
-82.004360
-80.534772
-79.091521
-77.674133
-76.282147
-74.915105
-73.572563
-72.254080
-70.959225
-69.687575
-68.438715
-67.212234
-66.007734
-64.824819
-63.663103
-62.522206
-61.401755
-60.301383
-59.220730
-58.159444
-57.117178
-56.093589
-55.088344
-54.101114
-53.131576
-52.179413
-51.244313
-50.325971
-49.424087
-48.538365
-47.668516
-46.814255
-45.975304
-45.151387
-44.342236
-43.547585
-42.767175
-42.000751
-41.248062
-40.508861
-39.782908
-39.069964
-38.369797
-37.682177
-37.006880
-36.343686
-35.692376
-35.052738
-34.424563
-33.807645
-33.201783
-32.606779
-32.022437
-31.448568
-30.884983
-30.331497
-29.787931
-29.254106
-28.729847
-28.214984
-27.709347
-27.212772
-26.725096
-26.246159
-25.775806
-25.313881
-24.860235
-24.414718
-23.977185
-23.547494
-23.125502
-22.711074
-22.304072
-21.904364
-21.511819
-21.126308
-20.747707
-20.375890
-20.010737
-19.652127
-19.299944
-18.954073
-18.614400
-18.280814
-17.953206
-17.631469
-17.315498
-17.005189
-16.700442
-16.401155
-16.107233
-15.818577
-15.535095
-15.256693
-14.983280
-14.714766
-14.451065
-14.192090
-13.937755
-13.687979
-13.442678
-13.201774
-12.965187
-12.732840
-12.504656
-12.280562
-12.060484
-11.844350
-11.632089
-11.423632
-11.218910
-11.017858
-10.820408
-10.626497
-10.436061
-10.249038
-10.065367
-9.884987
-9.707839
-9.533866
-9.363011
-9.195218
-9.030432
-8.868599
-8.709666
-8.553581
-8.400294
-8.249753
-8.101911
-7.956717
-7.814126
-7.674090
-7.536564
-7.401502
-7.268861
-7.138597
-7.010667
-6.885030
-6.761644
-6.640470
-6.521467
-6.404596
-6.289821
-6.177102
-6.066403
-5.957687
-5.850920
