-624.731126
-779.883752
-953.052403
-1084.324323
-1160.158341
-1189.186429
-1186.823154
-1167.327489
-1140.884941
-1113.457398
-1087.790146
-1064.632254
-1043.734724
-1024.506461
-1006.366032
-988.881498
-971.789187
-954.958779
-938.345494
-921.949160
-905.786410
-889.875206
-874.228274
-858.851793
-843.746537
-828.909730
-814.336710
-800.022101
-785.960487
-772.146712
-758.575959
-745.243711
-732.145681
-719.277739
-706.635869
-694.216131
-682.014650
-670.027609
-658.251252
-646.681878
-635.315851
-624.149596
-613.179601
-602.402414
-591.814647
-581.412970
-571.194111
-561.154858
-551.292053
-541.602597
-532.083441
-522.731592
-513.544111
-504.518108
-495.650746
-486.939235
-478.380837
-469.972861
-461.712662
-453.597644
-445.625254
-437.792987
-430.098378
-422.539010
-415.112504
-407.816525
-400.648780
-393.607015
-386.689015
-379.892605
-373.215648
-366.656045
-360.211733
-353.880685
-347.660911
-341.550456
-335.547397
-329.649847
-323.855952
-318.163890
-312.571871
-307.078137
-301.680960
-296.378644
-291.169520
-286.051952
-281.024329
-276.085072
-271.232626
-266.465467
-261.782094
-257.181037
-252.660847
-248.220103
-243.857409
-239.571394
-235.360709
-231.224031
-227.160059
-223.167515
-219.245143
-215.391711
-211.606006
-207.886838
-204.233038
-200.643457
-197.116966
-193.652457
-190.248839
-186.905043
-183.620017
-180.392728
-177.222162
-174.107322
-171.047227
-168.040917
-165.087445
-162.185883
-159.335319
-156.534856
-153.783614
-151.080727
-148.425346
-145.816635
-143.253776
-140.735960
-138.262398
-135.832310
-133.444934
-131.099518
-128.795325
-126.531630
-124.307721
-122.122900
-119.976479
-117.867783
-115.796150
-113.760927
-111.761476
-109.797166
-107.867381
-105.971514
-104.108968
-102.279158
-100.481509
-98.715455
-96.980441
-95.275921
-93.601360
-91.956231
-90.340017
-88.752209
-87.192308
-85.659824
-84.154274
-82.675186
-81.222095
-79.794542
-78.392081
-77.014268
-75.660673
-74.330867
-73.024435
-71.740964
-70.480051
-69.241300
-68.024321
-66.828731
-65.654156
-64.500224
-63.366574
-62.252849
-61.158698
-60.083778
-59.027751
-57.990284
-56.971052
-55.969734
-54.986015
-54.019586
-53.070142
-52.137386
-51.221024
-50.320768
-49.436334
-48.567446
-47.713829
-46.875215
-46.051340
-45.241946
-44.446777
-43.665585
-42.898122
-42.144148
-41.403427
-40.675724
-39.960811
-39.258463
-38.568460
-37.890584
-37.224622
-36.570365
-35.927608
-35.296147
-34.675785
-34.066327
-33.467580
-32.879357
-32.301472
-31.733744
-31.175995
-30.628048
-30.089732
-29.560878
-29.041318
-28.530891
-28.029434
-27.536791
-27.052807
-26.577329
-26.110208
-25.651298
-25.200453
-24.757532
-24.322395
-23.894907
-23.474932
-23.062339
-22.656997
-22.258780
-21.867561
-21.483219
-21.105632
-20.734681
-20.370250
-20.012224
-19.660491
-19.314940
-18.975462
-18.641951
-18.314302
-17.992411
-17.676178
-17.365503
-17.060288
-16.760438
-16.465858
-16.176456
-15.892140
-15.612821
-15.338411
-15.068825
-14.803976
-14.543783
-14.288162
-14.037035
-13.790321
-13.547944
-13.309826
-13.075894
-12.846073
-12.620292
-12.398478
-12.180564
-11.966479
-11.756157
-11.549532
-11.346538
-11.147113
-10.951192
-10.758715
-10.569620
-10.383850
-10.201344
-10.022046
-9.845899
-9.672849
-9.502840
-9.335818
-9.171733
-9.010531
-8.852163
-8.696578
-8.543728
-8.393564
-8.246039
-8.101108
-7.958723
-7.818841
-7.681418
-7.546410
-7.413775
-7.283471
-7.155457
-7.029694
-6.906140
-6.784759
-6.665510
-6.548358
-6.433264
